1.40
3.37
5.61
7.57
9.76
11.81
13.92
16.00
18.09
18.62
19.60
20.58
21.71
22.73
23.80
24.82
25.89
26.96
28.00
29.00
30.07
31.08
32.18
33.19
34.24
34.75
35.24
35.77
36.30
36.82
37.35
37.88
38.39
38.91
39.44
39.97
40.46
40.99
41.48
42.04
42.55
43.08
43.60
44.13
44.63
45.17
45.63
46.18
46.72
47.26
47.76
48.27
48.79
49.30
49.85
50.36
50.90
51.41
51.94
52.50
52.99
53.50
54.03
54.54
55.08
55.61
56.15
56.70
57.21
57.72
58.24
58.75
59.28
59.77
60.30
60.84
61.35
61.90
62.39
62.90
63.44
63.97
64.48
65.02
65.50
66.04
66.83
67.15
67.62
68.15
70.16
72.45
74.44
76.50
78.59
80.70
82.72
84.88
85.31
85.86
86.38
86.90
87.43
87.96
88.48
89.00
89.51
90.05
90.56
91.07
91.60
92.14
92.65
93.16
93.69
94.20
94.71
95.25
95.78
96.29
96.83
97.31
97.85
98.38
98.89
99.43
99.94
101.52
102.05
102.56
103.07
103.58
104.14
104.65
105.15
105.70
106.23
106.71
107.28
107.79
108.30
108.80
109.35
109.88
110.41
110.94
111.46
111.96
112.47
113.00
113.49
114.07
114.58
115.09
115.60
116.13
116.67
117.18
117.69
118.25
118.76
119.27
119.78
120.29
120.83
121.36
121.87
122.38
122.87
123.43
123.96
124.47
125.00
125.50
126.03
126.56
127.09
127.63
128.14
128.65
129.17
129.70
130.22
130.75
131.24
131.77
132.31
132.82
133.63
133.89
134.35
134.93
149.78
150.73
151.31
152.00
152.59
153.12
153.66
154.19
154.70
155.24
155.77
156.31
156.82
157.37
157.84
158.37
158.91
159.44
160.00
160.48
161.00
161.51
162.06
162.57
163.09
163.60
164.13
164.64
165.15
165.67
166.20
166.75
167.29
167.78
168.28
168.81
169.38
169.88
170.39
170.90
171.39
171.92
172.45
173.01
173.52
174.06
174.59
175.12
175.59
176.12
176.63
177.17
177.70
178.21
178.75
179.28
179.77
180.28
180.81
181.32
181.88
182.37
182.88