11.90
14.30
14.45
16.70
16.97
22.09
24.38
24.72
26.77
27.09
32.18
32.82
33.10
33.45
33.79
34.12
34.68
35.36
35.67
35.94
36.28
36.62
37.24
37.88
38.16
38.46
38.73
39.08
39.72
40.33
42.40
42.62
42.92
43.24
43.54
43.82
44.09
44.77
45.05
45.42
45.75
46.09
46.37
46.65
47.29
47.59
48.00
48.27
48.56
48.91
49.19
49.81
50.14
50.49
50.77
51.11
51.41
51.75
52.37
53.05
53.35
53.63
53.93
54.27
54.82
55.21
55.54
55.82
56.17
56.51
56.78
57.42
58.04
58.39
58.67
59.00
59.36
59.92
60.26
60.60
60.94
61.24
61.52
61.86
62.75
65.29
67.23
67.54
68.15
69.18
69.47
70.08
70.75
71.66
71.95
72.63
73.21
74.23
74.51
75.15
75.79
76.71
77.01
77.62
78.29
79.25
79.55
80.17
80.81
81.78
82.13
82.38
82.72
83.28
83.62
83.81
83.94
84.28
84.63
85.19
85.84
86.18
86.33
86.51
86.80
87.14
87.76
88.38
88.68
88.85
89.00
89.29
89.64
90.28
90.94
91.23
91.41
91.58
91.86
92.14
92.83
93.16
93.46
93.73
93.90
94.08
94.35
94.69
94.99
95.14
95.33
95.68
95.96
96.22
96.40
96.60
96.93
97.27
97.55
97.72
97.90
98.23
98.51
98.85
99.02
99.11
99.45
99.73
100.07
100.41
101.33
101.67
102.01
102.35
102.92
103.86
104.21
104.88
105.41
106.38
106.73
107.07
107.35
107.91
108.65
108.92
109.26
109.61
109.88
110.46
111.10
111.44
111.78
112.06
112.40
112.67
112.85
113.00
113.28
113.66
113.95
114.13
114.28
114.58
114.92
115.19
115.37
115.53
115.88
116.16
116.49
116.67
116.80
117.10
117.43
117.77
118.12
118.68
118.97
119.14
119.32
119.65
119.99
120.34
120.51
120.59
120.95
121.25
121.57
121.74
121.82
122.22
122.51
123.09
124.06
124.71
125.00
125.95
126.58
127.21
127.57
128.21
128.82
129.70
130.35
130.71
131.40
132.19
132.64
132.88
133.07
133.22
133.84
134.48
135.09
135.72
136.42
136.97
137.66
137.97
138.07
138.25
138.89
139.58
140.21
140.84
141.41
142.09
142.42
142.61
142.70
142.86
143.06
143.35
152.49
152.85
153.17
153.53
154.73
155.98
157.25
158.58
159.72
160.97
162.24
163.56
164.20
164.88
165.45
166.07
166.70
167.31
167.95
168.63
169.23
169.85
170.47
171.18
171.79
172.41
172.51
172.69
173.01
173.37
173.48
173.65
177.48
178.13
178.29
178.41
178.70
179.33
179.64
179.82
179.92
180.09
180.24
180.35
180.64
180.90
181.07
181.27
181.35
181.55
181.63
181.93
182.16
182.35
182.44
182.59
182.78
182.87
183.10
183.41
183.61
183.69
183.89
183.97
184.17
184.25
184.42
184.71
184.83
184.99
185.19
185.27
185.47
185.70
186.00
186.19
186.28
186.47
186.55
186.75
186.96
187.21
187.41
187.49
187.66
187.86
187.94
188.20
188.50
188.58
188.78
188.86
189.11
189.20
189.39
189.47
189.80
189.99
190.08
190.16
190.33
190.44
190.74
191.01
191.20
191.29
191.48
191.56
191.74
191.84
192.04
192.30
192.40
192.57
192.68
192.84
193.04
193.19
193.57
193.65
193.83
193.93
194.11
194.21
194.39
194.57
194.82
195.00
195.08
195.26
195.36
195.56
195.77
196.09
196.20
196.37
196.48
196.65
196.84
196.92
197.09
197.32
197.52
197.71
197.80
197.96
198.08
198.31
198.61
198.93
199.53
199.71
199.81
199.97
200.17
202.13
202.21
202.41
202.56
202.75
203.05
203.35
203.99
204.53
204.73
204.93
205.01
205.24
207.12
207.31
207.40
207.56
207.76
208.06
208.42
208.68
209.04
209.65
209.77
209.93
210.18
210.56
210.92
211.22
211.58
211.77
212.14
212.45
212.63
212.81
213.11
213.47
214.03
214.71
214.90
214.99
215.17
215.31
216.02
216.63
217.21
217.40
217.49
217.68
217.79
217.95
218.05
218.23
218.34
218.51
218.62
218.81
218.89
219.09
221.52
224.12
229.18
231.65
232.98
234.28
238.14
238.46
238.56
238.76
239.04
