2.35
4.24
6.07
7.98
8.70
9.36
9.85
10.51
11.75
12.39
13.13
13.63
14.30
15.52
16.40
17.30
18.27
19.19
20.13
21.07
22.05
22.95
23.88
24.82
25.79
26.75
27.69
28.62
29.54
30.44
30.93
31.42
31.89
32.36
33.27
33.74
34.21
35.67
36.13
37.07
37.94
38.48
38.93
39.38
39.87
40.31
40.81
41.25
41.47
41.74
41.94
42.19
42.40
42.68
42.85
43.11
43.32
43.58
43.75
43.97
44.18
44.48
44.69
45.45
45.91
46.35
46.88
47.36
47.82
48.25
48.76
49.25
49.75
50.13
50.62
51.08
51.56
52.02
52.54
52.96
53.48
53.91
54.37
54.85
55.33
55.79
56.25
56.68
57.19
57.63
58.15
58.62
59.11
59.56
60.05
60.50
68.02
69.86
71.71
73.60
75.51
75.99
76.43
77.35
78.26
79.20
81.11
83.00
83.94
84.86
86.74
87.23
88.61
90.53
91.20
91.82
92.36
92.80
93.30
93.81
94.25
94.47
94.70
94.91
95.14
95.39
95.64
95.85
96.08
96.26
96.51
96.71
96.97
97.20
97.43
97.94
98.39
98.81
99.35
99.86
100.31
100.76
101.25
101.74
102.17
102.61
103.11
103.60
104.05
104.51
105.02
105.48
105.94
106.43
106.90
107.35
107.85
108.29
108.79
109.23
109.71
110.14
110.65
111.14
111.60
112.05
112.99
113.43
113.91
114.39
114.86
115.31
115.80
116.29
116.76
117.23
117.68
118.12
118.65
119.08
119.54
120.02
120.49
120.94
121.37
121.86
122.35
122.82
123.26
123.75
124.23
124.67
125.17
125.65
126.12
126.60
127.06
127.54
127.95

