14.86
15.78
16.64
17.55
18.40
19.32
20.18
21.03
21.88
22.73
23.55
24.46
25.33
26.19
27.09
27.98
28.43
28.84
29.27
29.71
30.19
30.58
31.01
31.49
31.89
32.31
32.76
33.20
33.61
34.09
34.49
34.91
35.34
35.84
36.28
36.71
37.14
37.56
37.96
38.44
38.86
39.29
39.74
40.17
40.61
41.04
41.45
41.89
42.34
42.75
43.19
43.60
44.05
44.48
44.90
45.35
45.78
46.21
46.65
47.08
47.54
47.95
48.40
48.81
49.27
49.68
50.13
50.60
51.03
51.46
51.64
52.30
52.73
53.20
53.42
53.65
54.03
54.50
54.88
55.10
55.33
56.23
56.66
57.10
57.57
57.98
58.39
58.83
59.28
59.69
60.12
60.56
60.99
61.45
61.86
62.29
62.74
63.15
63.59
64.04
64.46
64.93
65.34
65.78
66.21
66.62
67.07
67.48
67.92
68.37
68.79
69.27
69.69
69.83
70.11
70.57
71.00
71.44
71.89
72.33
72.72
73.14
73.62
74.04
74.47
74.94
75.38
75.74
76.20
76.63
77.07
77.52
77.97
78.41
78.82
79.25
79.68
80.12
80.57
80.98
81.42
81.90
82.30
82.72
83.15
83.60
84.07
84.22
84.50
84.94
85.34
85.82
86.25
86.67
87.07
87.53
87.96
88.40
88.83
89.27
89.68
90.13
90.58
91.02
91.48
91.89
92.30
92.78
93.20
93.65
94.08
94.48
94.91
95.35
95.78
96.22
96.68
97.13
97.54
97.98
98.38
98.81
99.24
99.66
100.04
100.32
100.54
100.96
101.41
101.87
102.33
102.78
103.20
103.65
104.08
104.50
104.93
105.36
105.79
106.21
106.68
107.11
107.52
107.98
108.44
108.86
109.11
109.33
109.49
109.71
109.95
110.14
110.54
110.74
111.06
111.42
111.89
112.36
112.74
113.16
113.62
114.07
114.51
114.92
115.35
115.83
116.24
116.65
117.11
117.56
117.97
118.40
118.58
118.86
119.29
119.70
120.14
120.57
120.98
121.43
121.85
122.28
122.71
123.15
123.60
124.01
124.44
124.88
125.26
125.36
125.52
125.76
126.20
126.63
127.07
127.55
127.73
127.98
128.21
128.42
128.82
129.28
129.71
130.17
130.58
131.02
131.45
131.92
132.31
132.75
133.22
133.63
134.05
134.52
134.69
134.93
135.14
135.35
135.80
136.27
136.66
137.10
137.56
137.97
138.38
138.86
139.06
139.32
139.68