3.37
10.86
11.13
11.54
11.94
12.39
12.77
13.25
13.69
14.12
14.55
14.95
15.37
15.80
16.21
16.66
17.08
17.48
17.91
18.37
18.81
19.64
20.56
21.41
22.24
23.08
23.88
24.79
25.66
26.52
27.34
28.26
29.09
29.97
30.85
44.45
44.90
45.35
45.65
46.01
46.22
46.65
47.10
47.42
47.74
47.95
48.38
48.81
49.12
49.45
49.68
49.88
50.06
50.27
50.52
50.79
51.11
51.39
51.82
52.26
52.54
52.86
53.09
53.52
53.93
54.24
54.57
54.85
55.23
55.66
55.95
56.27
56.53
56.84
57.09
57.38
57.66
57.98
58.24
58.67
59.08
59.39
59.72
59.99
60.38
60.81
61.11
61.43
61.70
62.14
62.54
62.84
63.14
63.41
63.80
64.02
64.25
64.53
64.83
65.09
65.49
65.93
66.23
66.55
66.82
67.23
67.66
67.94
68.26
68.52
70.21
71.95
72.81
73.12
73.68
74.11
74.54
74.83
75.13
75.38
75.81
76.24
76.56
76.90
77.14
77.47
77.73
77.97
78.24
78.59
78.84
79.23
79.68
79.99
80.27
80.53
80.96
81.40
81.70
82.00
82.26
82.70
83.09
83.41
83.71
83.96
84.39
84.83
85.69
113.36
113.94
114.64
115.62
116.47
117.39
118.25
119.07
119.95
120.80
121.66
122.53
123.40
124.24
125.07
125.97
126.80
127.65
128.52
129.43
130.25
131.11
132.01
132.82
133.69
134.55
135.37
136.27
137.17
138.00
138.88
139.75
140.54
141.41
141.94
142.70
143.12
143.98
144.67
145.19
146.02
146.51
147.39
148.20
148.62
149.50
150.33
150.78
151.23
151.65
152.00
152.29
152.51
152.92
153.36
153.73
153.99
154.24
154.64
155.11
155.43
155.69
155.92
156.35
156.79
157.20
157.66
158.09
158.55
158.85
159.16
159.37
159.80
160.25
160.68
161.10
161.55
161.98
162.30
162.64
163.00
163.57
163.92
164.30
164.88
165.37
165.69
166.01
166.44
166.60
167.06
167.24
167.52
167.93
168.38
168.81
169.10
169.42
169.68
170.09
170.52
170.81
171.13
171.39
171.79
172.22
172.56
172.88
173.09
173.50
173.71
173.94
174.24
174.52
174.78
175.18
175.64
175.95
176.25
176.48
176.94
177.35
177.68
177.98
178.24
178.68
179.08
179.39
179.64
179.94
180.43
180.81
181.09
181.42
181.67
182.09
182.52
182.82
183.10
183.38
183.80
184.23
184.53
184.84
185.10
185.55
185.98
186.26
186.60
186.83
187.21
187.66
187.97
188.28
188.51
188.96
189.39
189.67
190.01
190.24
190.65
191.08
191.38
191.69
191.91
192.78
193.68
194.54
195.38
196.22
196.53
196.86
197.07
197.50
197.95
198.26
198.57
198.80
199.27
199.63
199.97
200.27
200.53
200.93
201.40
201.68
202.00
202.21
202.64
203.08
203.36
203.69
203.96
204.37
204.81
205.11
205.42
205.67
206.08
206.52
206.77
207.08
207.38
208.17
209.08
209.95
210.79
211.68
212.52
213.39
214.26
215.14
215.97
216.80
217.64
218.51
219.35
220.26
221.05
221.97
222.78
223.70
224.53
225.41
226.23
227.07
227.94
228.80
229.65
230.53
231.38
232.23
233.06
233.95
234.79
235.71
236.52
