9.15
10.62
12.39
14.09
15.85
17.58
19.28
20.99
22.73
24.40
26.15
27.85
29.56
31.34
33.02
34.68
36.36
38.21
38.52
39.79
39.89
41.55
42.13
43.31
44.86
45.14
46.67
46.82
48.76
48.94
63.85
67.27
70.66
74.05
77.54
77.93
78.12
78.33
79.23
79.45
79.68
79.87
80.09
81.00
81.18
81.39
81.57
81.77
82.66
82.92
83.12
83.30
83.52
84.37
84.60
84.82
85.21
86.08
86.31
86.53
86.71
86.94
87.83
88.24
88.67
89.51
89.72
89.94
90.13
90.35
91.27
91.42
91.65
91.86
92.09
92.95
93.14
93.36
93.54
93.76
94.66
94.87
95.09
95.25
95.50
96.39
97.02
98.07
99.35
99.80
100.03
100.22
100.44
100.65
101.54
101.74
101.95
102.14
102.38
103.24
103.65
103.87
104.08
118.71
120.34
120.77
121.71
122.07
123.90
124.24
125.56
127.42
127.67
128.92
129.04
130.77
131.24
132.35
146.17
146.96
147.77
148.67
149.58
150.40
151.25
152.13
152.94
153.81
154.62
155.52
156.37
157.29
159.85
160.06
160.25
160.44
160.66
161.51
161.75
161.96
162.14
162.34
163.21
163.43
163.64
163.85
164.07
164.94
165.16
165.37
165.56
165.80
166.67
167.08
167.51
167.92
168.33
168.58
168.81
168.99
169.22
170.11
170.39
170.60
170.79
170.96
171.82
172.00
172.22
172.41
172.63
173.55
173.99
174.42
175.23
175.46
175.67
175.87
176.08
176.99
177.19
177.42
177.62
177.81
178.67
178.90
179.11
179.30
179.51
180.41
181.24
182.10
182.27
182.52
182.69
182.93
183.84
184.04
184.25
184.45
184.66
185.52
185.72
185.93
186.13
186.34
