5.55
8.53
11.44
14.16
17.04
19.89
22.67
25.54
28.35
30.21
31.15
32.91
34.03
35.75
36.84
38.52
39.61
41.33
42.49
44.28
45.40
46.93
48.10
49.73
50.92
73.63
76.36
79.03
80.64
81.99
83.42
84.79
85.55
86.24
86.92
87.67
88.38
89.04
89.73
90.49
91.08
91.46
91.85
92.21
92.55
92.91
93.27
93.45
93.62
93.83
94.01
94.17
94.34
94.52
94.69
96.12
96.50
97.50
98.08
98.93
100.08
100.68
101.81
103.39
104.63
106.29
107.40
107.74
108.83
109.22
110.24
111.99
113.06
115.04
115.87
117.90
118.72
120.99
121.22
121.54
123.61
124.34
126.11
127.20
128.99
130.03
132.09
132.85
134.61
135.69
137.44
138.46
140.19
141.32
186.62
189.27
191.97
193.78
194.95
196.32
197.71
198.44
199.15
199.91
200.57
201.29
202.03
202.69
203.36
204.01
204.45
204.80
205.18
205.54
205.88
206.24
206.41
206.59
206.76
206.92
207.12
207.30
207.48
207.68
209.13
210.54
210.90
211.88
213.11
213.57
214.76
216.49
217.63
219.46
220.29
220.65
221.81
222.12
223.24
224.93
226.05
228.03
228.83
230.79
231.70
233.92
234.15
234.48
236.39
237.28
239.14
240.08
241.85
242.96
243.30
244.73
245.77
247.52
248.66
250.32
251.47
253.28
254.27
255.86
256.37
256.73
259.32
259.59
262.07
262.39
264.07
264.35
265.17
265.45
265.82
267.12
267.84
268.12
270.56
270.83
273.44
273.72
288.84