1.30
2.75
4.54
5.94
7.72
9.10
10.89
12.41
14.09
14.95
15.75
16.54
17.32
18.12
18.94
19.73
20.51
21.30
22.14
22.95
23.74
24.57
25.38
26.15
26.91
27.72
28.51
29.33
30.14
30.95
31.74
32.57
33.34
34.12
34.93
35.70
36.49
37.28
38.12
42.66
42.88
43.28
43.73
43.91
44.09
44.29
44.71
45.12
45.52
45.74
45.91
46.13
46.51
46.92
47.10
47.30
47.51
47.89
48.30
48.73
48.91
49.11
49.30
49.68
50.11
50.33
50.49
50.67
52.07
52.29
53.46
53.70
53.87
55.70
56.09
56.91
57.11
57.52
57.92
58.31
58.49
58.69
58.87
59.27
59.71
59.91
60.09
60.29
60.70
61.08
61.50
61.72
61.90
62.12
62.48
62.94
63.10
63.30
63.53
64.88
65.09
66.28
66.49
66.69
68.52
68.93
69.36
69.76
70.15
70.57
70.97
71.35
71.74
72.14
72.55
72.93
73.32
73.72
74.11
74.49
74.90
75.09
75.28
75.50
75.73
75.93
76.12
76.31
76.47
76.67
76.88
77.08
77.29
77.48
77.69
77.89
78.10
78.30
78.53
78.69
78.91
79.10
79.32
79.51
79.70
81.32
81.71
82.11
82.54
82.92
83.30
83.73
84.14
84.52
84.94
85.32
85.75
86.11
86.52
86.90
87.31
87.71
88.14
88.55
88.93
89.29
89.72
90.13
90.51
90.92
91.32
91.73
92.09
92.47
93.59
94.08
94.52
94.90
95.31
95.68
96.10
96.50
96.91
97.31
97.72
98.10
98.51
98.89
99.32
99.71
100.11
100.52
100.93
101.33
101.72
102.10
102.50
102.92
103.33
103.74
104.55
105.26
106.10
106.51
106.89
107.30
107.71
108.11
108.52
108.90
109.33
109.71
110.12
110.50
110.91
111.29
111.70
112.08
112.49
112.87
113.31
113.74
114.13
114.49
114.92
115.30
115.73
116.11
116.54
117.13
117.31
117.46
117.82
117.97
119.76
121.34
122.88
124.49
126.05
127.63
129.30
130.90
132.49
134.04
135.59
137.28
138.86
140.48
142.07
143.67
148.55
149.11
149.32
149.57
150.11
150.31
150.54
150.69
150.92
151.20
151.74
152.28
152.52
152.79
153.31
153.54
153.73
153.90
154.11
154.44
154.92
155.48
155.74
156.01
156.53
156.72
156.93
157.11
157.34
157.64
158.13
158.72
158.94
159.20
159.71
159.92
160.15
160.30
160.55
160.94
161.37
161.75
162.11
162.54
162.90
163.31
163.71
164.12
164.50
164.93
165.34
165.74
166.15
166.51
166.94
167.32
167.73
167.92
168.11
168.30
168.52
168.73
168.90
169.11
169.31
169.52
169.73
169.92
170.10
170.33
170.52
170.71
170.90
171.12
171.31
171.53
171.73
171.93
172.14
172.32
172.55
174.10
174.51
174.94
175.32
175.76
176.11
176.49
176.88
177.33
177.71
178.12
178.50
178.91
179.30
179.73
180.09
180.50
180.88
181.31
181.72
182.13
182.53
182.94
183.32
183.75
184.13
184.54
184.97
185.35
186.10
186.94
187.35
187.73
188.12
188.55
188.98
189.36
189.74
190.13
190.53
190.94
191.32
191.75
192.13
192.54
192.92
193.35
193.71
194.14
194.56
194.94
195.35
195.76
196.14
196.55
197.40
198.17
198.52
198.90
199.80
201.39
202.88
204.49
206.02
207.66
209.30
210.93
213.02
216.08
220.23
