5.61
8.59
11.88
15.03
18.30
21.79
24.53
27.69
31.08
34.32
37.37
40.43
43.92
44.22
44.65
45.07
45.45
45.84
46.27
46.63
47.00
47.40
47.84
48.25
48.66
49.04
49.45
49.83
50.26
50.64
51.00
51.39
51.77
52.20
52.60
52.99
53.39
54.08
56.66
57.21
57.45
57.83
58.43
59.05
59.43
59.84
60.41
61.03
61.60
62.21
62.64
63.03
63.61
64.17
64.78
65.42
65.81
66.23
66.84
67.41
68.02
68.65
69.07
69.46
69.85
70.25
70.65
71.05
71.44
71.89
72.25
72.61
73.04
73.42
73.83
74.23
74.66
75.07
75.43
75.79
76.02
76.43
76.96
77.16
77.60
78.00
78.39
78.97
79.63
80.25
82.26
82.84
83.02
83.43
83.84
84.27
84.65
85.08
85.48
85.87
86.25
86.63
87.04
87.38
87.83
88.24
88.63
89.00
89.41
89.81
90.21
90.58
91.00
91.41
91.79
92.17
92.88
93.56
94.20
94.61
95.04
95.40
95.85
96.24
96.62
97.02
97.44
97.83
98.23
98.62
99.02
99.43
99.81
100.22
100.65
101.05
101.44
101.84
102.20
102.63
102.97
103.42
103.80
104.19
104.64
105.21
105.82
107.86
114.66
116.72
117.59
120.65
123.81
127.19
130.26
133.60
136.75
137.42
137.86
138.26
138.65
139.05
139.48
139.87
140.25
140.63
141.04
141.44
141.83
142.26
142.62
143.05
143.43
143.86
144.25
144.43
144.83
145.01
145.17
145.39
145.57
145.77
145.95
146.20
147.89
149.40
150.04
150.28
150.66
151.21
151.84
152.28
152.68
153.26
153.84
154.39
155.03
155.43
155.84
156.42
157.04
157.62
158.26
158.66
159.05
159.64
160.24
160.88
161.47
161.88
162.24
162.63
163.05
163.43
163.86
164.22
164.65
165.06
165.42
165.85
166.25
166.71
167.04
167.45
167.86
168.26
168.60
168.81
169.03
169.20
169.41
169.60
169.80
170.00
170.23
170.43
170.64
170.86
171.07
171.27
171.48
171.80
172.44
173.06
175.04
175.55
175.83
176.24
176.83
177.08
177.41
177.84
178.25
178.79
179.37
179.99
180.62
181.03
181.44
182.04
182.64
183.24
183.81
184.24
184.67
185.24
185.79
186.40
187.04
187.44
187.83
188.40
188.62
189.03
189.59
190.17
190.60
191.00
191.62
192.17
192.77
193.39
193.79
194.22
194.86
195.40
196.03
196.62
197.02
197.43
198.00
198.60
199.15
199.75
200.52
207.02
210.22
213.48
217.22