2.30
4.21
6.20
8.03
9.87
11.75
13.61
15.52
15.70
15.98
16.18
16.44
16.66
16.89
17.33
19.24
21.10
23.01
24.85
26.77
28.62
30.45
32.38
32.82
33.27
33.76
34.26
34.70
35.18
35.64
36.10
36.58
37.05
37.54
38.03
38.44
38.91
39.38
39.85
40.31
40.81
41.30
41.74
42.17
42.62
43.06
43.54
44.03
44.50
44.99
45.45
47.36
47.80
48.27
48.72
49.21
49.68
50.17
50.62
51.06
51.51
52.00
52.51
52.96
53.48
53.93
54.39
54.87
55.33
55.79
56.25
56.70
57.19
57.66
58.15
58.62
59.08
59.54
60.02
60.50
62.39
62.84
63.31
63.79
64.25
64.71
65.17
65.63
66.11
66.57
67.05
67.49
67.99
68.43
68.91
69.37
69.83
70.31
70.75
71.23
71.69
72.19
72.66
73.11
73.55
74.03
74.49
74.95
75.48
76.39
76.83
77.32
92.37
94.25
96.10
98.00
99.88
101.74
103.58
105.53
107.37
109.24
111.10
113.02
114.86
116.77
118.56
120.51
122.36
123.27
124.24
125.18
126.10
127.98
129.81
131.73
133.58
134.29
134.80
135.50
137.33
137.81
138.25
138.76
139.22
139.68
140.16
140.62
141.10
141.56
142.04
142.48
142.97
143.42
143.91
144.40
144.82
145.30
145.74
146.19
146.66
147.17
147.62
148.09
148.58
149.05
149.48
149.97
150.45
152.36
152.81
153.30
153.79
154.24
154.70
155.13
155.60
156.07
156.56
157.02
157.50
157.99
158.45
158.93
159.42
159.87
160.33
160.79
161.30
161.74
162.19
162.66
163.11
163.57
164.07
164.56
165.01
165.50
167.36
167.82
168.30
168.76
169.23
169.70
170.19
170.64
171.11
171.56
172.00
172.54
173.01
173.48
173.94
174.39
174.86
175.31
175.78
176.27
176.76
177.21
177.66
178.11
178.62
179.11
179.56
180.02
180.54
182.31
183.29
183.74
184.25
184.71
185.19
185.63
186.08
186.55
187.03
187.51
188.02
188.50
188.94
189.42
189.88
190.37
190.78
191.29
191.76
192.20
192.63
193.12
193.57
194.06
194.51
195.00
195.49
196.39
197.35
197.82
198.31
198.77
199.25
199.67
200.17
200.63
201.11
201.57
202.03
202.54
203.00
203.48
203.92
204.41
204.86
205.32
205.80
206.26
206.74
207.20
207.68
208.12
208.63
209.06
209.51
210.00
210.51
210.96
211.43
211.89
212.35
213.29
214.26
215.20
216.14
217.08
218.05
218.94
219.86
220.75
221.77
222.69
223.65
224.60
225.57
226.49
227.37
