3.77
4.90
6.86
8.14
10.09
11.28
13.35
14.43
16.53
17.30
18.85
20.39
22.01
23.59
25.30
26.78
28.43
29.20
29.99
31.64
33.25
34.85
36.46
38.06
39.67
41.98
43.10
44.00
45.11
46.30
47.20
48.50
49.80
50.60
51.90
53.00
54.35
55.00
55.51
56.46
57.25
58.06
58.83
59.62
60.41
61.20
62.03
62.84
63.66
64.46
65.25
66.03
66.85
67.66
68.02
68.41
68.86
69.29
69.65
70.01
70.44
70.87
71.27
71.61
72.04
72.40
72.85
73.24
73.64
74.03
74.43
74.59
74.83
75.00
75.26
75.45
75.66
75.84
76.05
76.24
76.43
76.63
76.83
77.03
77.24
77.42
77.60
77.78
77.97
78.18
78.37
78.54
78.72
78.89
80.50
80.68
80.89
81.08
81.26
81.64
81.80
82.05
82.23
82.44
82.59
82.81
83.62
83.79
84.02
84.22
84.40
84.86
85.01
85.24
85.44
85.67
85.84
86.05
86.89
87.05
87.27
87.46
87.66
88.04
88.25
88.47
88.70
88.89
89.06
89.29
90.06
90.28
90.46
90.66
90.87
91.25
91.48
91.66
91.86
92.07
92.26
92.43
93.24
93.44
93.65
93.84
94.05
94.46
94.64
94.84
95.05
95.27
95.43
95.68
96.44
96.63
96.87
97.04
97.27
97.66
97.85
98.06
98.23
98.45
98.64
98.84
99.66
99.86
100.04
100.24
100.47
100.83
101.03
101.24
101.44
101.65
101.84
102.05
102.86
103.04
103.22
103.40
103.63
104.04
104.25
104.47
104.65
104.87
105.08
105.28
106.02
106.86
107.32
108.48
109.23
110.06
110.48
111.70
112.49
113.21
113.79
114.86
115.65
116.44
117.02
118.12
118.86
119.62
120.13
121.30
122.09
122.83
123.31
124.46
125.16
126.01
126.61
127.67
128.46
129.25
129.64
130.93
131.67
132.44
133.25
133.97
134.83
135.66
136.43
137.28
138.04
138.83
139.67
140.46
141.25
142.06
142.88
143.67
144.49
144.87
145.25
145.71
146.09
146.49
146.88
147.28
147.69
148.10
148.48
148.86
149.25
149.63
150.04
150.47
150.87
151.21
151.38
151.64
151.82
152.07
152.23
152.46
152.66
152.86
153.07
153.25
153.47
153.68
153.83
154.06
154.26
154.47
154.62
154.83
155.03
155.20
155.36
155.62
157.33
157.49
157.69
157.87
158.07
158.50
158.86
159.01
159.29
159.45
159.65
160.47
160.67
160.90
161.05
161.25
162.08
162.27
162.48
162.70
162.86
163.72
163.87
164.11
164.29
164.49
165.30
165.49
165.71
165.90
166.09
166.91
167.09
167.29
167.45
167.69
168.03
168.46
168.62
168.90
169.08
169.27
170.10
170.30
170.53
170.71
170.91
171.08
172.47
157.36
157.56
157.70
157.90
158.07
158.49
158.69
158.87
159.05
159.28
159.47
159.66
160.50
160.69
160.93
161.11
161.26
161.69
161.89
162.08
162.28
162.46
162.66
162.86
163.68
163.85
164.06
164.26
164.49
164.85
165.05
165.28
165.47
165.70
165.87
166.09
166.88
167.07
167.26
167.45
167.67
168.03
168.50
168.67
168.88
169.08
169.29
170.05
170.25
170.48
170.68
170.89
171.25
171.44
171.70
171.89
172.14
172.29
172.49
173.46
173.66
173.85
174.07
174.47
174.79
175.29
175.43
175.67
176.47
176.72
176.88
177.08
177.28
177.67
178.27
178.50
178.70
178.91
179.68
179.87
180.06
180.27
180.47
180.87
181.45
181.64
181.87
182.09
182.86
183.70
184.52
185.31
185.66
186.05
186.86
187.27
187.65
188.46
189.25
189.61
190.07
190.86
191.26
191.62
192.44
192.82
193.25
194.07
194.46
194.84
195.65
196.06
196.44
197.28
197.66
198.04
198.86
199.22
199.62
200.49
200.84
201.25
202.07
202.45
202.83
203.64
204.06
204.44
205.23
205.61
206.02
206.88
207.31
208.49
212.83
214.88
216.00
218.04
219.21
221.25
222.73
224.43
225.58
227.57
228.79
230.85

