0.78
2.04
3.49
5.00
6.46
7.88
9.33
10.73
12.31
12.61
12.97
13.35
13.69
14.05
14.44
14.76
14.98
15.14
15.52
15.91
16.25
16.61
16.96
17.36
17.52
17.72
18.03
18.44
18.76
19.12
19.50
19.89
20.25
20.60
20.85
21.03
21.34
21.70
22.05
22.38
22.69
23.13
23.32
23.50
23.81
24.22
24.58
24.95
25.29
25.69
26.05
26.40
26.81
27.17
27.53
27.86
28.25
28.62
28.96
29.34
29.72
30.07
30.43
30.60
30.79
30.96
31.15
31.37
31.47
31.68
31.86
32.03
32.22
32.39
32.59
35.50
36.17
36.55
37.21
37.64
38.38
39.11
39.68
40.22
40.59
41.38
42.10
43.10
43.47
44.29
44.98
46.07
46.24
46.76
48.59
49.33
50.07
50.78
52.04
52.95
53.72
54.73
55.11
55.93
56.59
57.54
58.04
58.78
60.23
60.94
61.66
62.40
63.16
63.90
64.61
64.99
65.31
65.67
66.04
66.40
66.76
67.14
67.52
70.43
71.67
72.13
72.49
73.33
74.04
74.55
74.93
75.14
75.46
76.18
76.96
77.48
77.89
78.09
78.40
78.77
79.16
79.90
80.41
80.84
81.05
81.35
82.04
84.96
85.70
86.67
86.85
87.13
87.85
88.61
89.55
89.71
90.06
90.85
91.49
92.04
92.46
92.61
92.94
93.34
93.70
96.51
98.03
99.51
100.94
102.42
103.90
105.37
106.03
106.75
107.13
107.53
108.25
108.91
110.06
110.47
111.11
111.82
112.94
113.31
114.06
114.78
115.10
115.82
116.45
117.66
118.36
119.11
119.86
120.58
121.35
122.06
122.78
122.93
123.15
123.33
123.53
123.68
123.87
124.04
124.23
124.40
124.60
124.78
124.98
125.17
125.34
125.52
125.67
128.56
129.31
130.08
130.76
131.53
132.23
132.96
133.67
134.43
135.12
135.84
136.54
137.31
138.03
138.76
139.55
140.25
143.15
143.84
144.57
145.33
146.08
146.76
147.74
147.91
148.24
149.00
149.66
150.79
150.94
151.88
153.31
154.02
154.76
155.50
156.27
156.96
157.70
158.43
158.58
158.79
158.94
159.14
159.32
159.50
159.68
159.88
160.06
160.19
160.42
160.60
163.57
164.19
164.70
165.15
165.59
166.45
167.09
167.62
168.05
168.19
168.52
169.31
170.04
170.61
170.99
171.14
171.47
172.21
172.93
173.46
173.92
174.13
174.41
175.16
178.07
178.76
179.29
179.70
179.87
180.21
180.95
181.68
182.22
182.66
182.88
183.16
183.88
184.61
185.13
185.54
185.71
186.04
186.71
187.33
187.51
188.20
188.76
188.99
189.68
190.22
190.37
191.10
191.66
191.84
192.57
193.09
193.32
194.04
194.54
194.79
195.49
196.00
196.26
196.92
197.50
197.71
198.39