1.43
2.40
3.27
4.21
5.15
6.12
7.04
8.00
8.92
9.81
10.79
11.70
12.64
13.58
14.55
15.46
16.40
17.38
18.30
19.21
20.15
21.12
22.07
22.99
23.90
24.85
25.81
26.73
27.69
28.64
29.54
30.48
31.39
32.31
33.25
34.21
35.16
36.11
37.05
37.96
38.88
39.85
40.79
41.73
42.64
43.57
44.54
45.50
46.42
47.36
48.30
49.23
50.17
51.08
52.02
53.02
53.94
54.87
55.79
56.71
57.66
58.60
59.51
60.40
60.91
61.42
61.89
62.36
62.81
63.30
63.74
64.21
64.66
65.16
65.57
66.07
66.54
67.01
67.48
67.94
68.42
68.91
69.38
69.87
70.31
70.74
71.23
71.68
72.17
72.64
73.08
73.58
75.48
76.39
76.87
77.36
77.82
78.27
78.76
79.23
79.68
80.14
80.62
81.11
81.56
82.00
82.50
82.96
83.43
83.91
84.39
84.87
85.33
85.79
86.27
86.74
87.19
87.63
88.11
88.57
89.00
89.49
90.48
92.29
94.27
96.15
98.01
99.88
101.76
103.64
105.53
107.39
107.85
108.31
108.79
109.25
109.76
110.19
110.65
111.15
111.60
112.07
112.56
113.00
113.48
113.92
114.43
114.86
115.33
115.82
116.31
116.76
117.23
117.70
118.17
118.62
118.80
119.06
119.26
119.57
119.75
120.00
120.17
120.43
120.64
120.92
121.12
121.43
121.63
121.92
122.14
122.37
122.86
123.31
123.82
124.28
124.69
125.19
125.65
126.12
126.55
127.04
127.54
127.95
128.48
128.94
129.40
129.88
130.32
130.82
131.29
131.77
132.25
132.71
133.14
133.63
134.08
134.55
135.05
135.51
135.98
136.45
136.92
137.39
137.83
138.31
138.77
139.25
139.71
140.18
140.65
141.12
141.57
142.04
142.51
142.98
143.46
143.94
144.43
144.88
145.35
145.83
146.31
146.75
147.23
147.69
148.17
148.68
149.12
149.57
150.01
150.49
150.95
151.45
151.92
152.37
159.93
161.74
163.62
164.72
165.40
166.97
167.36
168.32
169.26
170.20
171.12
172.06
173.00
173.89
174.87
175.83
176.77
177.71
178.65
179.58
180.52
181.44
182.40
183.38
189.93
193.67
195.45
196.39
197.39
197.83
198.31
198.77
199.23
199.69
200.19
200.61
201.08
201.57
202.04
202.47
203.00
203.45
203.89
204.81
205.31
205.82
206.26
206.75
207.20
207.71
208.17
208.65
209.12
209.59
210.04
212.44
212.87
213.36
213.76
214.23
214.73
215.17
215.68
216.13
216.60
217.00
217.50
217.94
218.50
218.95
219.85
220.36
220.83
221.32
221.79
222.26
222.70
223.21
223.64
224.13
224.58
225.06
225.48
227.39
227.85
228.33
228.79
229.25
229.73
230.19
230.66
231.13
231.64
232.07
232.56
233.02
233.50
234.01
234.50
235.36
235.82
236.30
236.76
237.22
237.68
238.19
238.64
239.11
239.56
240.07
240.50
242.42
257.42
259.20