2.73
4.71
7.06
8.14
9.17
11.39
13.56
15.72
16.76
17.89
19.04
20.09
21.20
22.31
23.39
24.46
25.55
26.66
27.75
28.84
29.93
31.03
32.15
33.20
34.32
35.41
36.46
37.54
38.63
39.74
40.79
41.94
43.00
44.11
44.64
45.17
45.71
46.24
46.75
47.36
47.89
48.40
48.97
49.50
50.09
50.68
52.73
53.39
53.67
53.95
54.47
55.23
55.54
55.80
56.10
56.66
57.42
57.70
58.00
58.26
59.36
59.94
60.17
60.45
60.99
61.57
61.82
62.09
62.36
62.62
63.74
64.32
64.55
64.83
65.93
66.47
66.72
66.98
67.49
68.65
50.62
52.79
53.35
53.60
53.91
54.44
55.21
55.51
55.76
56.05
56.59
57.42
57.70
57.96
58.26
59.39
59.90
60.15
60.43
61.63
62.09
62.35
62.62
63.16
63.99
64.30
64.53
64.83
65.34
66.11
66.42
66.70
66.98
68.15
68.63
68.88
69.16
70.33
70.80
71.08
71.38
72.53
73.02
73.25
73.53
74.90
75.17
75.45
75.73
76.78
77.32
77.58
77.88
79.01
79.54
79.82
80.10
80.61
81.24
81.70
81.95
82.26
82.79
83.36
83.89
84.17
84.45
84.96
85.52
86.05
86.33
86.61
87.16
87.69
89.93
92.01
94.18
96.44
98.57
100.75
102.95
105.13
106.25
107.32
108.45
109.56
110.64
111.71
112.80
113.93
115.00
116.11
117.18
118.26
119.40
120.47
121.57
122.64
123.77
124.82
125.88
127.01
128.10
129.18
130.32
131.40
131.90
132.44
132.97
133.56
134.05
134.61
135.14
135.72
136.24
136.78
137.36
137.89
140.06
140.64
140.92
141.20
141.73
142.48
142.78
143.06
143.34
143.86
144.46
145.00
145.25
145.53
146.09
147.24
147.49
147.77
148.26
148.85
149.37
149.63
149.90
150.43
151.09
151.55
151.82
152.08
152.61
153.15
153.70
153.97
154.25
154.75
155.36
155.85
156.15
156.43
156.94
157.56
158.05
158.33
158.63
159.14
159.72
160.25
160.53
160.79
161.33
161.94
162.45
162.70
163.00
163.51
164.13
164.62
164.87
165.15
165.69
166.27
166.82
167.10
167.36
167.93
168.48
168.99
169.27
169.53
170.06
170.64
171.15
171.43
171.72
172.23
173.09
173.35
173.65
173.93
174.99
179.00
181.71
182.60
183.77
186.02
188.15
190.15
191.40
192.60
