2.75
20.69
21.15
21.58
22.12
22.65
23.23
23.82
24.36
24.64
24.94
25.45
26.02
26.60
27.16
27.72
28.33
28.82
29.35
29.61
29.91
30.19
30.48
30.78
31.03
31.31
31.59
31.89
32.15
32.48
32.69
32.97
33.23
33.51
33.83
34.06
34.37
34.62
34.90
35.19
35.49
35.77
36.05
36.26
38.24
38.80
39.38
39.93
40.46
40.99
41.55
42.11
42.68
43.21
43.77
44.35
44.86
45.43
45.99
46.57
47.12
47.67
48.25
48.81
49.38
49.89
50.42
51.03
51.56
52.13
52.66
53.24
53.82
54.37
54.93
55.48
56.04
57.09
57.70
58.28
58.79
59.34
59.90
60.45
60.99
61.54
62.11
62.67
63.27
63.84
64.38
64.93
65.45
66.03
66.57
67.13
67.66
68.22
68.78
69.32
69.88
70.46
71.00
71.56
72.12
72.68
73.25
73.83
82.73
91.63
96.03
97.18
98.43
99.99
101.05
102.10
103.25
104.34
105.48
106.56
107.69
108.80
109.93
110.99
112.13
113.26
113.87
114.40
114.90
115.45
116.01
116.54
117.12
117.66
117.95
118.25
118.50
119.34
119.92
120.49
121.02
121.63
122.16
122.45
122.73
122.96
123.26
123.57
123.84
124.12
124.38
124.67
124.92
125.20
125.50
125.78
126.01
126.32
126.60
126.89
127.14
127.72
127.98
128.23
128.51
128.79
129.07
129.37
131.61
133.76
135.92
136.58
137.09
137.65
138.19
138.75
139.28
139.87
140.43
140.99
141.53
142.12
142.65
143.19
143.81
144.32
144.89
145.50
146.03
146.60
147.16
147.67
148.25
148.82
149.37
149.91
150.49
151.02
151.59
152.15
152.71
153.24
153.81
154.34
154.90
155.48
156.03
156.58
157.12
157.72
158.29
158.80
159.36
159.92
160.47
161.02
161.58
162.13
162.71
163.25
163.79
164.40
164.91
165.47
166.03
166.64
167.17