11.54
14.37
17.17
19.88
22.70
28.18
33.63
39.18
44.69
55.72
56.70
57.11
58.07
58.48
59.40
59.80
60.82
61.23
61.82
62.21
62.59
62.91
63.27
63.61
63.94
64.11
64.30
64.47
64.62
64.80
65.00
65.16
65.32
66.76
67.05
67.24
67.42
67.58
67.73
67.88
68.09
68.42
68.59
68.78
68.95
69.13
69.29
69.49
69.82
70.02
70.18
70.33
70.51
70.66
70.84
71.06
71.23
71.40
71.60
71.76
71.91
72.09
72.28
72.81
72.96
73.18
73.34
73.51
73.69
73.85
74.03
74.20
74.39
74.56
74.73
74.99
75.33
75.52
75.70
75.86
76.03
76.22
76.37
76.57
76.74
76.90
77.10
77.25
77.42
77.57
77.79
78.12
78.30
78.48
78.66
78.83
78.99
79.19
79.38
79.55
79.75
79.91
80.09
80.26
80.52
80.83
81.03
81.21
81.39
81.59
81.77
81.92
82.09
82.28
82.45
82.63
82.79
82.96
83.24
83.60
83.75
83.95
84.14
84.29
84.49
84.65
84.82
85.00
85.18
85.36
85.53
85.72
85.84
86.08
86.36
86.58
86.74
86.91
87.11
87.27
87.47
87.66
87.83
88.00
88.19
88.34
88.51
88.67
88.87
89.18
89.36
89.54
89.71
89.87
90.07
90.27
90.43
90.60
90.78
90.94
91.14
91.29
91.57
91.93
92.10
92.26
92.46
92.62
92.78
92.97
93.15
93.31
93.48
93.66
93.82
93.99
94.17
94.33
94.66
94.85
94.99
95.17
95.32
95.49
95.68
95.88
96.03
96.21
96.39
96.56
96.75
96.92
97.11
97.43
97.62
97.77
97.94
98.15
98.32
98.52
98.68
98.88
99.07
99.27
99.44
99.60
99.85
100.11
100.31
100.51
100.65
100.84
101.02
101.20
101.40
101.56
101.74
101.91
102.07
102.27
102.42
102.61
102.93
103.11
103.27
103.47
103.64
103.80
104.00
104.18
104.36
104.56
104.71
104.90
105.07
105.22
105.38
105.69
105.88
106.02
106.22
106.39
106.56
106.75
106.93
107.09
107.24
107.44
107.59
107.75
107.90
108.12
108.44
108.61
108.77
108.92
109.12
109.31
109.51
109.68
109.83
110.02
110.17
110.38
110.55
110.70
110.88
111.21
111.39
111.57
111.72
111.90
112.08
112.26
112.43
112.59
112.77
112.98
113.10
113.30
113.45
113.64
113.96
114.16
114.30
114.47
114.67
114.83
115.01
115.21
115.39
115.57
115.73
115.88
116.05
116.23
116.41
116.74
116.92
117.10
117.31
117.48
117.68
117.84
118.02
118.22
118.40
118.57
118.78
118.96
119.16
119.47
119.64
119.85
120.02
120.23
120.41
120.62
120.79
120.99
121.17
121.37
121.58
121.73
121.92
122.24
122.43
122.62
122.82
123.01
123.21
123.39
123.61
123.95
124.13
124.31
124.46
124.67
124.97
125.14
125.35
125.50
125.70
125.86
126.01
126.21
126.40
126.55
126.75
126.90
127.06
127.23
127.42
127.74
127.92
128.08
128.23
128.45
128.62
128.84
129.00
129.20
129.35
129.53
129.71
129.90
130.03
130.24
130.52
130.71
130.86
131.05
131.26
131.41
131.61
131.80
131.95
132.12
132.31
132.48
132.67
132.93
144.00
154.98
160.55
166.03
167.45
168.11
168.79
169.49
170.16
170.88
171.58
172.29
172.63
172.99
173.14
173.29
173.70
173.82
174.00
174.18
174.38
174.53
174.70
174.89
175.07
175.25
175.43
175.60
175.79
177.13
177.47
177.82
177.95
178.11
178.28
178.46
178.64
178.82
178.94
179.14
179.30
179.50
179.61
179.86
180.19
180.35
180.48
180.65
180.85
181.01
181.21
181.37
181.55
181.72
181.91
182.08
182.21
182.40
182.64
182.97
183.10
183.30
183.43
183.60
183.79
183.96
184.09
184.26
184.42
184.62
184.78
184.98
185.21
185.36
185.72
185.90
186.07
186.22
186.41
186.56
186.76
186.92
187.12
187.27
187.50
187.63
187.80
187.93
188.12
188.46
188.65
188.82
188.99
189.16
189.34
189.52
189.70
189.89
190.06
190.25
190.43
190.59
190.74
190.94
191.23
191.43
191.60
191.75
191.94
192.09
192.27
192.47
192.67
192.83
193.00
193.19
193.32
193.49
193.67
193.98
194.15
194.33
194.51
194.69
194.86
195.02
195.22
195.37
195.55
195.76
195.88
196.06
196.21
196.39
196.72
196.88
197.06
197.25
197.42
197.59
197.76
197.92
198.12
198.28
198.44
198.61
198.79
198.96
199.19
199.47
199.66
199.83
200.01
200.17
200.34
200.52
200.70
200.88
201.05
201.24
201.41
201.58
201.71
201.92
202.28
202.43
202.64
202.79
202.97
203.14
203.35
203.52
203.71
203.86
204.06
204.24
204.39
204.65
204.97
205.14
205.33
205.53
205.69
205.87
206.08
206.23
206.43
206.61
206.79
206.99
207.15
207.40
207.75
207.91
208.11
208.29
208.47
208.64
208.85
209.00
209.20
209.36
209.54
209.69
209.90
210.02
210.22
210.54
210.71
210.88
211.05
211.24
211.42
211.60
211.78
211.95
212.09
212.29
212.46
212.63
212.78
212.97
213.33
213.46
213.67
213.82
214.04
214.20
214.38
214.59
214.76
214.96
215.12
215.32
215.49
215.68
216.06
216.21
216.41
216.60
216.79
216.94
217.13
217.33
217.45
217.64
217.81
217.99
218.17
218.33
218.52
218.81
218.99
219.20
219.35
219.54
219.73
219.88
220.10
220.29
220.44
220.62
220.82
220.97
221.23
221.54
221.72
221.91
222.08
222.25
222.45
222.63
222.83
223.02
223.21
223.36
223.55
223.70
223.98
224.32
224.49
224.66
224.85
225.05
225.20
225.43
225.58
225.77
225.97
226.15
226.35
226.50
226.71
227.07
227.24
227.44
227.63
227.78
227.93
228.11
228.31
228.51
228.65
228.87
229.03
229.20
229.48
229.81
229.99
230.19
230.34
230.57
230.74
230.93
231.09
231.27
231.44
231.64
231.78
231.93
232.11
232.30
232.59
232.75
232.94
233.15
233.33
233.49
233.64
233.84
234.02
234.22
234.37
234.54
234.71
234.88
235.06
235.37
235.52
235.75
235.90
236.10
236.29
236.46
236.65
236.82
237.02
237.18
237.38
237.56
237.76
238.10
238.27
238.45
238.60
238.78
238.96
239.17
239.32
239.55
239.70
239.90
240.05
240.23
240.36
240.58
240.87
241.05
241.22
241.38
241.63
241.77
241.96
242.14
242.35
242.50
242.68
242.86
243.05