10.22
11.55
12.88
14.30
15.67
17.08
18.43
19.77
21.20
22.58
23.93
25.32
26.70
28.07
29.41
30.82
32.23
33.58
34.98
36.35
37.80
39.11
40.46
41.85
43.28
46.03
48.83
51.59
54.33
57.09
68.12
68.91
69.42
69.95
71.15
71.78
72.23
72.74
73.64
74.03
74.49
74.95
75.51
76.68
77.24
77.72
78.18
79.03
79.46
79.97
80.48
80.99
81.95
82.85
83.28
83.75
84.68
85.18
85.54
85.97
86.52
87.74
88.27
88.78
89.29
89.77
90.17
90.51
90.89
91.17
91.56
91.89
92.26
92.60
92.93
93.31
93.62
93.99
94.28
94.63
94.99
95.35
95.70
95.99
96.35
96.70
97.01
97.41
97.72
98.08
98.43
98.81
99.15
99.51
99.83
100.17
100.52
100.83
101.18
101.52
101.90
102.23
102.61
102.95
103.29
103.58
103.97
104.32
104.63
105.02
105.36
105.72
106.05
106.38
106.73
107.09
107.43
107.78
108.14
108.45
108.80
109.18
109.49
109.87
110.16
110.54
110.89
111.20
111.55
111.91
112.25
112.63
113.13
113.57
114.13
115.39
115.94
116.34
116.88
117.39
118.15
118.65
119.06
119.63
120.85
121.36
121.85
122.36
123.01
123.60
124.11
124.56
125.11
126.33
126.93
127.40
127.95
128.52
129.56
131.52
133.03
134.29
163.32
164.66
166.14
167.44
168.81
170.14
171.58
172.94
174.29
175.69
178.47
179.33
179.77
180.28
181.56
182.08
182.54
183.08
183.59
184.30
184.81
185.27
185.81
187.07
187.56
188.05
188.58
189.05
189.83
190.37
190.80
191.36
192.57
193.19
193.65
194.17
194.66
195.34
195.92
196.43
196.96
198.14
198.74
199.18
199.66
200.50
200.86
201.21
201.57
201.93
202.23
202.59
202.90
203.26
203.60
203.96
204.30
204.66
205.01
205.31
205.67
206.01
206.36
206.72
207.08
207.38
207.74
208.07
208.45
208.78
209.14
209.51
209.80
210.18
210.51
210.85
211.17
211.51
211.86
212.20
212.54
212.90
213.24
213.60
213.93
214.26
214.63
214.97
215.33
215.66
215.99
216.34
216.74
217.08
217.44
217.80
218.15
218.47
218.81
219.10
219.48
219.86
220.15
220.50
220.86
221.18
221.56
221.90
222.25
222.61
223.20
224.01
225.38
226.71
228.07
229.47
230.89
232.23
233.64
235.00
236.39
237.80
239.10
240.55
241.92
243.32
244.73
250.30
252.97
255.76
258.45
261.25
264.06
266.76
