3.11
5.69
8.39
11.11
13.84
16.51
21.78
24.49
27.19
29.78
32.46
33.74
35.11
36.41
37.76
39.08
40.44
41.76
43.13
44.43
45.81
47.12
48.43
49.76
51.11
52.48
53.80
55.30
55.65
56.44
57.10
57.41
58.05
59.09
60.10
60.75
61.70
62.36
62.74
64.70
65.34
66.11
67.09
67.79
68.15
68.78
69.75
70.72
71.39
72.42
73.04
73.38
75.06
76.09
76.65
77.73
78.31
78.72
79.31
80.60
81.48
83.03
84.18
84.64
85.65
86.71
87.33
88.42
89.39
90.02
91.03
92.10
92.73
93.75
94.41
94.80
96.56
97.79
99.13
100.47
101.84
103.14
104.49
105.89
107.19
108.50
109.88
111.20
112.52
113.82
115.17
116.54
117.89
118.43
118.80
119.46
119.83
120.49
121.08
121.44
122.15
122.51
123.17
124.11
124.77
125.84
126.35
126.77
128.60
129.10
129.47
130.14
130.50
131.13
131.80
132.11
132.82
133.18
133.84
134.44
134.83
135.47
135.83
136.44
136.77
137.13
137.45
137.76
149.86
150.43
150.84
151.39
151.80
152.53
153.04
153.46
154.11
154.47
155.11
155.68
156.20
156.82
157.15
157.88
158.39
158.80
159.42
159.82
160.48
161.10
161.43
162.12
162.47
163.19
163.64
164.11
164.79
165.14
165.81
166.37
166.82
167.46
167.78
168.48
168.76
169.08
169.48
169.78
171.96
173.13
174.45
175.82
177.12
178.48
179.79
181.15