1.34
2.00
3.30
4.09
5.43
6.16
7.47
8.29
9.59
10.40
11.70
12.49
13.78
14.61
15.88
16.72
18.00
18.83
20.11
20.94
22.22
23.06
24.36
25.17
26.45
27.28
28.54
29.35
30.63
31.42
32.74
33.60
34.83
36.35
36.99
38.24
39.10
40.36
41.17
42.42
43.28
44.51
45.30
46.63
47.50
48.69
49.61
50.40
51.66
53.80
55.91
58.07
60.14
60.63
61.14
61.67
61.97
62.23
62.66
63.30
63.85
64.34
64.85
65.41
65.97
66.20
66.48
66.84
67.24
68.50
69.01
69.61
70.15
70.66
71.19
71.70
72.27
72.75
73.26
73.82
74.37
74.90
75.40
75.95
76.46
76.95
77.48
78.02
78.55
79.09
79.57
80.11
80.68
81.21
81.71
82.25
82.76
83.27
83.78
84.33
84.87
85.40
85.89
86.45
86.96
87.49
88.03
88.55
89.08
89.61
90.13
90.69
91.22
91.75
92.24
92.78
93.31
93.84
94.35
94.89
95.42
95.93
96.41
96.94
97.49
97.99
98.52
99.07
99.58
100.14
100.67
101.18
102.60
104.36
105.09
106.50
107.22
108.61
109.35
110.68
111.51
112.84
113.63
114.88
115.72
116.97
117.81
119.07
120.33
121.16
122.51
123.33
124.53
125.42
126.92
127.61
128.78
129.67
130.86
131.72
133.20
136.00
136.38
136.89
137.45
138.03
138.52
139.08
139.62
140.13
140.63
141.17
141.68
142.21
142.72
143.23
143.79
144.32
144.81
145.32
145.91
146.41
146.96
147.46
148.02
148.54
149.01
149.58
150.14
150.65
151.15
151.66
152.20
152.74
153.30
153.81
154.37
154.88
155.36
155.90
156.46
157.01
157.48
158.04
158.59
159.08
159.59
160.10
160.71
161.22
161.70
162.21
162.82
163.31
163.82
164.33
164.86
165.40
165.91
166.44
167.02
167.53
168.04
168.55
169.06
169.62
170.43
171.69
172.52
173.80
174.57
175.94
176.73
178.00
178.75
180.12
180.91
182.23
183.02
184.34
184.77
185.13
