2.17
3.88
5.63
7.29
9.04
10.76
12.46
14.14
15.88
16.74
17.66
18.47
19.34
20.21
21.05
21.92
22.80
23.61
24.49
25.36
26.22
27.04
27.95
28.75
29.63
30.50
31.37
32.23
33.10
33.94
34.78
35.64
36.51
37.40
38.24
39.11
39.95
40.81
41.66
42.52
43.34
44.81
45.13
46.82
48.25
48.48
48.94
49.12
50.14
50.62
51.04
51.42
51.90
52.30
52.77
53.20
53.66
53.92
54.11
54.30
54.50
54.68
54.86
55.09
55.29
57.07
58.33
59.34
59.62
60.31
61.36
61.96
62.79
63.11
63.94
64.77
65.99
66.46
67.34
67.91
68.17
69.15
69.79
70.80
71.60
72.86
73.29
74.22
75.07
75.86
76.46
76.77
77.64
78.16
78.81
79.51
79.99
81.04
81.54
82.33
84.52
86.18
87.89
89.64
91.32
93.01
94.76
96.51
98.24
99.09
99.99
100.90
101.69
102.50
103.34
104.16
105.02
105.89
106.79
107.62
108.50
109.31
110.20
111.96
112.77
113.15
114.50
115.33
116.20
117.12
117.93
118.77
119.64
119.98
121.37
122.09
122.22
123.99
125.63
126.49
127.34
127.98
128.22
129.09
129.73
129.92
130.77
131.37
131.60
132.50
132.90
133.31
133.75
134.22
134.62
135.07
135.53
135.91
136.09
136.31
136.50
136.75
136.95
137.21
137.39
137.59
139.35
140.21
140.64
141.41
141.89
142.80
144.51
145.17
145.43
146.29
147.05
147.50
148.32
148.76
149.63
150.24
150.50
150.88
151.37
152.22
153.11
153.90
155.17
155.61
156.55
157.34
158.23
158.87
159.07
159.92
160.45
161.13
161.85
162.05
162.44
163.35
163.94
164.21
165.00
165.63
165.91
166.78
167.57
168.03
168.60
169.18
169.41
170.23
171.10
171.85
172.58
172.79
173.69
174.96
175.67
176.20
176.97
177.08
177.56
177.91
178.76
179.36
179.64
180.51
181.30
181.51
182.21
182.61
183.08
183.93
184.59
185.63
186.26
186.47
187.33
188.22
188.62
189.75
189.94
190.78
191.63
192.48
194.19
195.06
195.49
196.30
196.79
197.50
198.37
199.33
199.84
200.20
201.18
201.91
202.35
203.12
203.57
204.44
205.08
205.38
206.19
206.81
207.06
207.81
208.72
209.30
209.86
210.43
211.32
211.92
212.22
213.04
213.65
213.95
214.73
215.39
216.12
216.84
217.32
218.16
219.06
219.93
220.81
223.16
224.94
226.39
228.54
230.12
231.77
233.41
235.33
236.91
238.60
240.13
242.16
243.65
245.53
246.93