26.94
27.30
27.79
28.03
28.41
29.20
29.63
30.05
30.42
30.60
30.96
31.18
31.57
32.01
32.21
32.44
32.80
33.20
33.59
33.83
34.21
34.40
34.81
35.21
35.60
35.98
36.41
36.82
36.99
37.35
37.43
37.64
38.01
38.45
38.84
39.21
39.57
40.01
40.38
40.87
41.12
41.61
41.81
42.02
42.40
42.83
43.17
43.36
43.75
43.96
44.36
44.79
45.15
45.58
45.73
46.01
46.39
46.60
46.96
47.16
47.57
48.00
48.16
48.40
48.76
49.20
49.61
49.83
50.14
50.38
50.83
51.21
51.41
51.64
52.00
52.45
52.79
53.39
53.63
54.01
54.44
54.82
55.23
55.62
56.05
56.23
56.59
56.82
57.20
57.61
58.02
58.39
58.57
58.80
59.26
59.43
59.81
60.02
60.43
60.84
61.24
61.63
61.78
62.06
62.42
62.60
63.01
63.20
63.56
64.02
64.40
64.81
65.21
65.61
65.85
66.21
66.34
66.77
67.19
67.59
68.00
68.41
68.84
69.02
69.39
69.60
69.98
70.37
70.80
71.23
71.63
71.99
72.20
72.59
72.83
73.22
73.60
73.76
74.04
74.42
74.83
75.23
75.46
75.81
76.02
76.37
82.12
82.48
82.88
83.29
83.70
84.06
84.51
84.92
85.30
85.70
86.09
86.47
86.88
87.26
87.67
88.10
88.46
88.84
89.29
89.68
90.06
90.44
90.87
91.23
91.66
92.00
92.45
92.84
93.27
93.62
94.02
94.49
94.88
95.24
95.62
96.00
96.43
96.86
97.27
97.67
98.06
98.49
98.87
99.25
99.66
100.04
100.45
100.84
101.25
101.68
102.06
102.45
102.95
104.40
104.73
104.88
105.20
105.58
106.01
106.42
106.82
107.21
107.38
107.82
108.00
108.40
108.83
109.22
109.64
110.04
110.41
110.62
111.00
111.20
111.61
112.02
112.43
113.22
113.63
113.82
114.21
114.39
114.80
115.18
115.66
116.40
116.85
117.06
117.45
117.62
117.98
118.41
118.79
119.22
119.62
120.01
120.20
120.58
120.80
121.18
121.59
122.01
122.42
122.80
123.21
123.43
123.76
124.02
124.40
124.81
125.24
125.60
126.00
126.39
126.60
126.97
127.22
127.63
128.45
129.24
130.03
130.41
130.82
131.23
131.63
132.02
132.45
132.85
133.04
133.42
133.64
134.03
134.46
134.82
135.22
135.41
135.64
136.05
136.27
136.65
136.84
137.22
137.65
138.05
138.44
138.82
139.25
139.45
139.87
140.06
140.47
140.85
141.24
141.64
142.02
142.45
142.84
143.00
143.22
143.60
144.03
144.42
144.83
145.24
145.65
145.84
146.23
146.46
146.82
147.25
147.61
148.04
148.47
148.85
149.04
149.41
149.66
150.02
150.43
150.84
151.22
151.65
152.01
152.22
152.60
152.83
153.23
153.62
154.05
