3.09
3.88
4.21
4.64
5.51
5.94
6.37
7.24
7.72
8.19
9.04
9.51
9.94
10.83
11.26
11.70
12.13
12.60
13.03
13.46
13.86
14.35
14.76
15.22
15.67
16.13
16.53
17.00
17.43
17.89
18.30
18.76
19.24
19.62
20.07
20.47
21.00
21.48
21.92
22.35
22.83
23.01
23.23
23.67
24.08
24.54
24.95
25.43
25.86
26.30
26.49
26.75
27.24
27.69
28.08
28.31
28.54
28.97
29.40
29.86
30.33
30.75
31.18
31.64
32.03
32.46
32.95
33.40
33.83
34.26
34.68
35.16
35.60
36.05
36.46
36.92
37.33
37.80
38.24
38.70
39.11
39.57
40.02
40.46
40.89
41.38
41.81
42.27
42.68
43.13
43.58
44.00
44.43
44.86
45.30
45.78
45.96
46.24
46.70
47.12
47.54
47.97
48.43
48.87
49.32
49.76
50.19
50.62
51.06
51.54
51.98
52.38
52.84
53.30
53.75
54.18
54.59
55.03
55.48
55.95
56.38
56.84
57.25
57.70
58.15
58.60
59.03
59.49
59.94
60.37
60.78
61.20
61.70
62.16
62.97
63.00
63.41
63.89
64.33
64.76
65.25
65.72
66.15
66.56
67.02
67.49
67.92
68.35
68.79
69.20
69.65
70.10
70.54
71.02
71.40
71.87
72.76
73.64
74.13
74.54
74.97
75.41
75.88
76.32
76.75
77.18
77.67
78.10
78.51
78.92
79.38
79.82
80.72
81.19
81.64
82.05
82.51
82.92
83.41
83.81
84.29
84.71
84.93
85.16
85.57
86.03
86.44
86.91
87.33
87.76
88.25
88.65
89.08
89.54
89.93
90.41
90.87
91.35
91.79
92.22
92.71
93.11
93.56
94.01
94.44
94.91
95.33
95.81
96.24
96.70
97.11
97.57
97.98
98.41
98.89
99.30
99.73
100.19
100.62
101.09
101.48
101.97
102.40
102.86
103.32
103.76
104.14
104.63
105.04
105.49
105.95
106.41
106.84
107.30
107.71
108.18
108.62
109.08
109.54
109.95
110.38
110.78
111.22
111.70
112.12
112.57
113.03
113.46
113.87
114.35
114.74
115.22
115.65
116.13
116.56
116.98
117.43
117.90
118.35
118.74
119.21
119.65
120.13
120.52
121.00
121.43
121.89
122.32
122.73
123.22
123.68
124.09
124.56
125.00
125.48
125.89
126.35
126.78
127.22
127.65
128.10
128.52
129.00
129.40
129.83
130.28
130.75
131.19
131.62
132.05
132.90
133.39
133.79
134.25
134.71
135.14
135.55
136.06
136.44
137.32
137.76
138.24
138.70
139.16
139.58
140.03
140.46
141.35
141.73
142.20
142.65
143.08
143.52
143.98
144.46
145.32
145.79
146.24
146.65
147.04
147.52
147.96
148.84
149.28
149.73
150.19
150.63
151.08
151.52
151.95
152.40
152.82
153.30
153.73
154.19
154.62
155.06
155.45
155.95
156.39
156.82
157.27
157.73
158.12
158.57
159.03
159.46
159.93
160.40
160.81
161.27
161.74
162.14
162.60
163.00
163.45
163.90
164.33
164.77
165.24
165.65
166.12
166.52
166.95
167.39
167.82
168.30
168.76
169.22
169.62
170.11
170.54
171.00
171.46
171.87
172.33
172.76
173.17
173.65
174.08
174.57
175.00
175.44
175.89
176.31
176.74
177.19
177.66
178.11
178.55
178.98
179.41
179.84
180.30
180.73
181.16
181.63
182.06
182.29
182.52
183.00
183.40
183.82
184.25
184.70
185.17
185.60
186.04
186.47
186.62
186.94
187.36
187.81
188.22
188.63
189.14
189.57
189.99
190.46
190.89
191.36
191.81
192.25
192.68
192.91
193.14
193.57
194.00
194.47
194.90
195.36
195.79
196.22
196.68
197.11
197.57
198.01
198.41
198.89
199.31
199.74
200.23
200.63
201.08
201.55
201.98
202.41
202.87
203.73
204.63
205.54
206.01
206.39
207.30
208.19
209.04
209.51
209.95
210.79
211.26
211.64
212.15
212.60
213.05
213.47
214.36
214.80
215.23
215.68
216.14
216.57
217.01
217.44
217.92
218.33
218.72
219.24
219.68
220.14
220.60
220.96
221.44
221.88
222.33
222.76
223.20
223.61
224.08
224.55
224.98
225.44
225.90
226.34
226.77
227.20
227.65
228.07
228.52
228.96
229.44
229.90
230.31
230.76
