2.66
4.73
6.73
8.93
11.13
13.41
15.52
17.88
18.76
19.30
19.81
21.98
23.12
23.60
24.16
25.26
25.80
26.31
27.40
28.49
29.55
30.64
31.71
32.77
33.84
34.53
34.97
36.08
37.19
38.22
38.92
39.28
40.39
41.48
42.50
43.06
43.63
44.72
45.81
47.95
50.09
51.18
51.69
52.20
53.35
54.42
56.61
57.70
58.72
61.95
63.02
65.29
66.28
67.36
68.53
69.60
70.65
71.71
72.78
73.91
74.97
76.02
77.14
77.95
78.24
79.33
80.38
81.49
82.57
83.64
84.17
84.71
85.73
86.87
91.38
95.54
99.89
104.25
105.24
106.29
107.38
108.22
108.52
109.54
110.61
111.71
112.48
112.78
113.80
114.94
116.04
117.09
118.15
118.67
119.25
120.37
120.91
121.42
122.53
123.09
123.61
124.75
125.26
125.75
126.86
127.55
128.01
129.03
130.15
133.39
133.85
134.41
135.48
136.57
137.67
138.21
138.74
139.81
140.96
142.05
142.54
143.05
144.16
145.25
146.38
147.45
148.49
149.58
150.65
151.75
152.80
153.61
153.89
154.98
155.49
156.04
157.18
158.22
159.35
159.86
160.37
161.46
162.50
163.62
164.72
165.77
166.88
167.95
169.03
170.10
171.21
172.74
172.97
173.30
174.43
175.54
176.61
177.12
177.70
178.72
179.85
180.96
182.04
183.09
184.16
185.27
186.36
187.42
187.92
188.46
188.99
189.51
190.04
190.60
194.97
199.35
199.85
200.35
200.89
201.46
202.01