9.79
10.30
11.09
11.90
12.69
13.41
14.14
14.88
15.62
16.03
16.29
16.67
17.08
17.46
17.89
18.15
18.62
18.98
19.37
19.54
19.85
20.07
20.43
20.82
21.84
22.29
23.08
23.80
24.61
25.33
25.83
26.06
26.47
26.85
29.12
29.81
30.20
30.58
31.34
32.06
32.81
33.58
34.30
35.06
35.82
36.56
37.28
38.06
38.80
39.57
39.89
40.31
41.09
41.81
42.53
43.31
44.07
44.79
45.56
46.31
47.08
47.87
48.56
49.30
49.68
50.09
50.67
50.83
51.28
51.58
52.28
53.05
53.78
54.57
55.31
56.08
56.42
56.83
57.40
58.34
59.07
59.81
60.60
61.30
62.01
62.37
62.80
63.56
63.87
64.32
65.04
65.78
66.51
66.90
67.33
68.05
68.79
69.58
70.29
71.08
71.87
72.57
73.32
73.68
74.08
74.62
75.51
75.92
76.32
76.66
77.06
77.80
78.56
78.90
79.31
80.02
80.83
81.59
84.50
86.00
87.55
89.05
90.63
92.06
93.59
95.06
96.57
98.05
99.59
101.10
102.60
104.06
105.60
107.11
108.56
109.25
110.02
110.42
110.83
111.60
112.33
113.07
113.45
113.84
114.60
115.26
115.57
116.00
116.44
116.82
117.32
117.61
117.96
118.34
118.53
118.85
119.08
119.44
119.85
120.62
121.38
122.07
122.45
122.82
123.08
123.54
123.95
124.31
124.54
124.87
125.07
125.45
125.86
126.60
127.36
128.13
128.45
128.81
129.13
129.45
130.01
130.37
134.12
134.83
135.62
136.28
137.04
137.40
137.80
138.57
138.84
139.24
140.05
140.43
140.81
141.57
141.96
142.34
143.13
143.85
144.60
145.37
146.09
146.85
147.59
147.89
148.35
148.69
149.08
149.44
149.63
150.00
150.19
150.55
150.92
151.34
151.66
152.02
152.40
152.79
153.55
154.31
155.10
155.41
155.84
156.43
158.85
159.61
160.32
161.11
161.43
161.82
162.61
162.90
163.28
163.63
164.07
164.46
164.84
165.55
165.91
166.31
167.10
167.83
168.58
169.32
170.09
170.88
171.61
171.91
172.33
172.72
173.10
173.42
173.64
173.98
174.18
174.44
174.92
175.35
175.68
175.83
175.94
176.40
176.81
177.56
178.33
179.10
179.41
179.82
180.35
182.94
