11.34
11.98
12.59
13.26
13.84
14.20
14.50
15.12
15.35
15.75
16.40
17.06
17.71
18.34
18.91
19.28
19.60
19.95
20.86
21.48
22.14
22.37
22.71
23.39
24.03
24.38
24.87
25.25
25.53
25.87
26.58
26.85
27.45
27.79
28.41
29.05
29.35
29.99
30.37
30.60
30.93
32.15
32.44
32.84
33.48
34.12
34.45
34.73
35.05
35.41
35.72
36.05
36.62
36.94
37.58
37.91
38.55
39.18
39.51
40.08
40.48
41.04
41.35
41.68
41.98
42.60
42.93
43.58
44.23
44.56
45.15
45.55
46.16
46.78
47.10
47.67
48.02
48.68
49.30
49.60
51.21
51.82
52.41
53.07
53.71
54.33
54.88
55.03
55.53
56.20
56.83
57.49
58.13
58.75
59.36
59.71
60.02
60.35
60.71
61.24
61.39
61.82
62.50
63.16
63.82
64.45
65.04
65.19
65.50
66.32
66.94
67.56
68.22
68.81
69.31
69.50
70.10
70.72
71.31
71.56
71.97
72.57
73.24
73.87
74.54
75.15
75.79
76.43
77.06
77.67
78.33
78.59
78.99
79.56
79.89
80.25
80.86
81.49
82.13
82.74
83.38
84.01
84.63
84.83
85.24
85.90
86.52
86.69
87.12
87.81
88.40
88.55
89.04
89.68
89.98
90.31
90.94
91.56
91.73
92.14
92.80
93.46
93.75
94.12
94.71
95.05
95.35
96.04
97.27
97.83
98.51
99.13
99.81
100.37
100.55
101.01
101.18
101.56
101.72
102.25
102.67
103.53
104.16
104.85
105.16
105.49
106.13
106.38
106.74
107.38
107.71
108.58
109.24
109.90
110.25
110.54
110.79
111.22
111.50
111.78
112.42
112.72
113.02
113.31
113.66
114.34
114.60
115.00
115.30
115.81
116.19
116.77
116.90
117.39
117.75
118.35
118.71
119.37
120.04
120.29
120.95
121.31
121.53
121.87
122.55
122.86
123.37
123.75
124.09
124.45
124.88
125.00
125.36
125.95
126.33
126.61
126.93
127.59
127.91
128.55
128.87
129.49
130.12
130.43
130.73
131.07
131.39
131.70
132.01
132.67
132.97
133.56
133.90
134.22
134.56
135.16
135.50
136.08
136.44
136.72
137.02
137.68
138.00
138.62
138.94
139.60
140.18
140.52
141.13
142.14
142.73
143.06
143.95
144.64
145.23
145.91
146.07
146.47
146.81
147.13
147.77
148.43
149.07
149.71
150.20
150.65
150.95
151.29
151.63
151.93
152.23
152.87
153.48
154.09
154.73
155.39
155.72
156.07
156.31
156.71
156.99
157.30
157.91
158.57
159.14
159.74
160.40
161.32
161.98
162.30
163.55
164.17
164.80
165.49
