25.73
26.22
26.55
27.13
27.64
28.18
28.64
29.12
29.56
30.07
30.55
31.03
31.54
32.06
32.48
33.02
33.45
33.96
34.45
34.93
35.41
35.87
36.35
36.84
37.35
37.81
38.31
38.78
39.24
39.78
40.28
40.74
41.22
41.68
42.14
42.64
43.13
43.67
44.20
44.66
45.09
45.58
46.11
46.52
47.06
47.52
48.00
48.43
48.89
49.42
49.91
50.39
50.85
51.34
51.82
52.35
52.81
53.30
53.78
54.24
54.72
55.21
55.67
56.20
56.70
57.19
57.66
58.13
58.68
58.79
59.13
59.59
60.07
60.30
60.58
61.05
61.52
62.01
62.50
63.03
63.51
64.42
64.66
64.93
65.40
65.90
66.36
66.85
67.33
67.81
68.28
68.78
69.29
69.78
70.24
70.72
71.23
71.66
72.14
72.66
73.12
73.60
74.11
74.57
75.05
75.53
76.02
76.52
76.94
77.45
77.95
78.48
78.95
79.38
79.91
80.40
80.86
81.34
81.83
82.36
82.84
83.30
83.77
84.20
84.73
85.19
85.69
86.23
86.69
87.18
87.61
88.14
88.72
89.14
89.64
90.06
90.58
91.07
91.60
92.02
92.45
92.98
93.46
93.99
94.46
94.92
95.42
95.93
96.42
98.46
100.39
101.26
101.77
102.26
103.18
103.70
104.16
106.17
107.02
107.47
107.94
108.96
109.95
110.89
111.40
111.91
112.85
113.31
113.81
114.32
114.81
115.30
115.79
116.73
117.24
117.69
118.18
118.69
119.19
119.63
120.59
121.03
121.56
122.07
122.55
123.04
123.53
124.41
124.92
125.36
125.89
126.12
126.35
126.91
127.35
127.86
128.31
128.80
129.31
129.76
130.25
130.71
131.22
131.70
132.19
132.71
133.22
133.67
134.12
134.61
135.09
135.55
136.06
136.54
137.02
137.51
137.96
138.47
138.96
139.47
139.96
140.46
140.92
141.41
141.61
142.16
142.76
143.34
143.82
144.28
144.79
145.23
145.79
146.24
146.73
147.24
147.67
148.15
148.61
149.07
149.65
150.04
150.52
151.01
151.52
152.02
152.53
152.95
153.46
153.96
154.42
154.91
155.36
155.88
156.43
158.37
158.52
158.78
159.29
159.74
160.23
160.69
161.19
161.60
162.14
162.64
163.16
163.60
164.10
164.61
165.07
165.52
166.07
166.55
167.03
167.51
167.95
168.51
168.99
169.45
169.96
170.40
170.90
171.39
171.90
172.35
172.84
173.29
173.80
174.24
174.73
175.25
175.76
176.20
176.66
177.17
177.62
178.11
178.64
179.08
179.59
180.02
180.54
181.05
181.55
181.99
182.50
183.01
183.46
183.95
184.46
184.94
185.42
185.89
186.41
186.83
187.34
187.79
188.30
188.79
189.30
189.80
190.26
190.75
191.23
191.74
192.19
192.68
193.12
193.62
194.13
194.57
195.05
195.60
196.05
196.56
197.01
197.52
197.95
198.46
198.90
199.41
199.91
200.38
200.86
201.38
201.83
202.34
202.79
203.23
203.79
204.27
204.75
205.73
206.72
207.69
208.20
208.72
209.17
209.68
210.13
210.64
211.07
211.56
212.02
212.52
213.03
213.22
213.46
213.97
214.48
214.95
215.40
215.46
215.89
216.44
219.81
220.30
7.30
11.32
15.05
19.02
19.48
19.89
20.40
20.90
21.39
21.83
22.34
22.86
23.30
23.79
24.26
24.78
25.29
25.74
26.20
26.68
27.17
27.63
28.14
28.62
29.11
29.59
30.09
30.56
31.05
31.52
32.01
32.52
33.03
33.51
34.02
34.46
34.91
35.40
35.86
36.36
36.85
37.34
37.81
38.32
38.77
39.26
39.78
40.24
40.73
41.20
41.64
42.17
42.63
43.14
43.63
44.14
44.62
45.06
45.56
46.07
46.51
46.94
47.45
48.01
48.46
48.99
49.48
49.89
50.48
50.89
51.34
51.85
52.34
52.83
53.28
53.79
54.30
54.76
55.22
55.43
55.73
56.24
56.69
57.16
57.61
58.17
58.61
58.99
59.40
60.00
60.51
60.74
61.23
61.89
62.91
65.38
65.84
66.32
66.80
67.29
67.80
68.29
68.79
69.25
69.74
70.24
70.70
71.19
71.67
72.18
72.64
73.15
73.61
74.07
74.57
75.08
75.57
76.03
76.56
77.02
77.51
78.01
78.47
78.94
79.39
79.90
80.39
80.89
81.40
81.89
82.34
82.80
83.29
83.78
84.28
84.74
85.22
85.70
86.22
86.70
87.16
87.62
88.12
88.63
89.12
89.56
90.08
90.57
91.03
91.53
92.04
92.53
92.97
93.47
93.98
94.42
94.92
95.39
95.90
96.39
104.20
108.17
111.94
112.86
113.78
114.82
115.74
116.70
117.69
118.64
119.58
120.57
121.52
122.49
123.48
124.42
125.36
126.35
126.89
127.37
127.84
128.31
128.80
129.29
129.80
130.25
130.72
131.22
131.66
132.14
132.68
133.18
133.64
134.13
134.58
135.05
135.56
136.06
136.54
137.03
137.53
138.00
138.48
138.97
139.45
139.94
140.41
140.88
141.36
141.86
142.33
142.81
143.30
143.80
144.29
144.75
145.25
145.72
146.17
146.70
147.17
147.66
148.13
148.32
148.60
149.11
149.61
150.02
150.52
151.06
151.55
151.90
152.31
152.95
153.44
153.76
154.17
154.83
155.39
155.90
156.39
157.36
157.88
158.15
158.37
158.78
159.22
159.73
160.23
160.72
161.18
161.68
162.17
162.66
163.14
163.62
164.06
164.54
165.05
165.49
166.01
166.50
166.99
167.46
167.98
168.46
168.90
169.40
169.87
170.34
170.83
171.32
171.80
172.28
172.74
173.24
173.77
174.22
174.71
175.18
175.67
176.18
176.66
177.12
177.61
178.10
178.62
179.08
179.55
180.02
180.54
180.99
181.51
182.01
182.50
182.73
183.03
183.48
183.95
184.44
184.63
184.97
185.40
185.89
186.38
186.87
187.34
187.83
188.28
188.79
189.32
189.75
190.22
190.73
191.23
191.69
192.16
192.63
193.12
193.61
194.11
194.59
195.06
195.54
196.02
196.49
196.96
197.47
197.92
198.47
198.90
199.39
199.90
200.38
200.86
201.33
201.85
202.29
202.77
203.23
203.77
204.00
204.43
205.68
206.50
206.69
207.23
207.46
207.71
208.18
208.69
209.22
209.70
210.16
210.62
211.05
211.31
211.56
212.07
212.53
213.01
213.22
213.45
213.67
214.16
214.95
215.16
215.39
215.84
216.40
219.58
219.71
220.13
