12.13
12.67
13.00
13.26
13.94
14.27
14.65
15.49
15.62
15.98
16.21
16.51
16.95
17.51
17.72
18.45
18.68
19.03
19.21
19.62
19.95
20.31
20.69
21.07
21.41
21.84
22.18
22.55
22.93
23.21
23.65
24.02
24.42
24.82
25.15
25.89
26.19
26.64
27.04
27.41
28.18
28.36
28.79
29.07
29.25
29.63
30.06
30.42
30.73
31.21
31.54
31.95
32.18
32.55
33.00
33.43
34.06
34.24
34.47
34.93
35.69
36.10
36.48
37.20
37.96
38.70
39.44
40.18
40.94
41.63
42.34
43.13
43.90
44.66
45.43
46.16
46.90
47.67
48.44
48.81
49.21
49.53
49.89
50.27
50.64
51.00
51.19
51.77
51.97
52.58
52.76
53.35
53.60
54.08
54.21
54.85
55.18
55.54
55.97
56.33
56.71
57.04
57.25
57.78
58.02
58.62
58.75
59.28
59.64
60.00
60.17
60.71
61.16
61.60
61.96
62.33
62.69
63.05
63.44
64.19
64.96
65.68
67.18
68.63
70.18
71.69
72.06
72.45
73.17
73.53
73.91
74.30
74.66
75.05
75.43
76.20
76.50
76.93
77.32
77.72
78.05
78.23
78.39
78.80
79.18
79.95
80.27
80.65
81.01
81.40
82.05
82.21
82.44
82.84
83.17
83.68
84.11
84.24
84.45
85.22
85.95
86.74
87.43
88.21
88.91
89.64
90.36
91.15
91.88
92.73
93.52
94.28
95.10
96.08
96.47
96.85
97.19
97.54
97.92
98.30
98.53
98.89
99.07
99.28
99.83
100.17
100.55
100.75
101.29
101.56
101.95
102.12
102.31
102.84
103.18
103.53
103.93
104.57
104.95
105.08
105.51
105.82
106.00
106.56
106.73
107.28
107.66
108.09
108.22
108.82
109.20
109.87
110.35
110.54
110.92
111.10
111.50
111.86
112.23
112.55
112.78
113.31
113.49
113.98
114.10
114.38
115.15
115.79
116.29
116.62
117.01
117.43
117.79
118.02
118.56
118.74
119.27
119.68
120.06
120.21
