10.30
10.74
11.87
13.06
14.30
15.50
16.71
17.90
19.10
20.29
21.44
22.72
23.90
25.08
26.31
27.53
28.72
29.92
30.46
31.07
31.66
32.29
32.90
33.48
34.08
34.67
35.29
35.86
36.44
37.08
37.69
38.32
38.86
39.15
39.47
40.09
40.34
40.67
41.29
41.49
41.87
42.48
43.10
43.72
43.98
44.27
44.87
45.44
46.10
46.30
46.41
46.68
46.99
47.30
47.90
48.52
48.82
49.10
50.29
50.91
51.27
51.47
51.76
52.08
52.67
53.31
53.57
53.92
54.50
55.07
55.70
55.83
55.98
56.24
56.54
56.71
56.88
57.16
57.48
58.07
58.70
59.86
61.11
62.31
63.51
64.74
65.93
67.11
68.30
69.50
70.69
71.94
73.13
74.34
75.51
76.68
77.84
78.44
79.05
79.66
80.27
80.88
81.51
82.06
82.66
83.28
83.88
84.47
84.95
85.09
85.34
85.67
85.97
86.33
86.84
87.46
88.06
88.65
89.28
89.42
89.57
89.92
90.17
90.49
91.09
91.71
92.01
92.29
92.60
93.18
94.10
94.27
94.41
94.69
94.95
95.29
95.89
96.50
96.78
97.11
97.41
97.94
98.34
98.92
99.04
99.22
99.52
99.75
100.14
100.69
101.29
101.61
101.88
102.27
102.74
103.07
103.70
103.86
103.98
104.14
104.34
104.57
104.87
105.15
105.49
105.79
106.05
108.52
110.94
113.31
115.65
116.26
116.90
117.48
118.07
118.69
119.32
119.91
120.51
121.08
121.71
122.35
122.94
123.29
123.52
123.80
124.11
124.37
124.67
124.84
124.99
125.12
125.28
125.63
125.92
126.73
127.06
127.70
127.83
127.95
128.26
128.59
128.89
129.49
130.11
130.40
130.66
130.98
131.54
132.09
132.47
132.62
132.75
133.07
133.39
133.69
134.30
134.93
135.19
135.50
135.80
136.31
136.72
137.32
137.45
137.58
137.87
138.17
138.50
139.09
139.70
140.00
140.28
140.56
141.13
141.53
142.14
142.25
142.40
142.68
142.98
143.29
143.57
143.67
143.78
143.91
144.06
144.46
145.08
145.38
145.96
146.25
146.90
147.32
147.80
148.69
149.30
149.76
150.20
150.72
151.08
151.70
151.95
152.31
152.59
153.17
153.48
154.09
154.55
154.98
155.54
155.90
156.51
157.05
157.43
157.93
158.24
158.88
159.31
159.80
160.28
160.68
161.30
161.83
161.96
162.04
162.24
162.52
162.77
163.11
163.71
