4.03
4.44
4.85
5.26
5.71
6.14
6.55
6.95
7.40
7.80
8.23
8.70
9.10
9.51
9.96
10.38
10.81
11.26
11.68
12.11
12.49
12.92
13.35
13.78
14.18
14.65
15.06
15.46
15.91
16.31
16.76
17.15
17.32
17.58
18.00
18.43
18.88
19.30
19.75
20.15
20.58
21.00
21.46
21.86
22.29
22.71
23.12
23.57
23.97
24.13
24.38
24.85
25.30
25.73
26.11
26.55
26.98
27.41
27.82
28.28
28.69
29.12
29.54
29.99
30.39
30.67
30.86
31.03
31.23
31.65
32.10
32.51
32.94
33.38
33.79
34.24
34.66
35.09
35.49
35.92
36.35
36.77
37.20
37.63
37.80
38.03
38.46
38.91
39.31
39.72
40.18
40.59
41.04
41.47
41.91
42.36
42.75
43.18
43.60
44.00
44.22
44.41
44.61
44.81
45.27
45.71
46.14
46.57
47.00
47.44
47.82
48.23
48.70
49.12
49.55
50.00
50.41
50.81
51.26
51.43
51.64
52.07
52.50
52.94
53.42
53.88
54.27
54.69
55.12
55.51
55.91
56.33
56.76
57.19
57.66
58.08
58.28
58.47
58.92
59.36
59.77
60.24
60.63
61.07
61.52
61.93
62.39
62.78
63.18
63.61
64.02
64.42
64.63
64.86
65.06
65.29
65.70
66.13
66.54
67.02
67.48
67.86
68.26
68.71
69.14
69.57
69.96
70.39
70.87
71.27
71.69
72.12
72.35
72.55
72.96
73.38
73.93
74.59
75.05
75.51
76.12
76.79
77.35
77.98
78.44
78.89
79.53
79.95
80.14
80.78
81.42
81.87
82.30
82.94
83.58
84.17
84.81
85.77
86.61
89.04
92.52
93.37
94.23
95.04
95.91
96.53
96.75
97.54
98.20
98.45
99.30
100.16
101.01
101.80
101.97
102.69
103.38
103.57
104.42
105.28
106.13
106.99
107.86
108.70
109.56
110.38
111.25
112.93
113.74
114.61
115.47
116.32
117.18
118.07
118.91
119.73
120.59
121.46
122.32
123.15
124.01
124.85
125.67
126.55
127.44
128.27
129.13
129.96
130.81
131.65
132.47
133.38
134.25
135.08
135.91
136.77
137.61
138.47
139.28
139.77
140.16
141.03
141.89
142.71
143.63
144.40
145.30
146.12
146.94
147.85
148.71
149.56
150.37
151.24
152.10
152.92
153.40
153.81
154.64
155.69
156.35
157.22
158.04
158.98
159.76
160.66
161.48
162.49
163.19
164.03
165.71
167.38
