
3.92
4.13
4.28
11.75
11.90
12.07
12.23
12.39
12.54
16.39
16.78
17.06
17.72
18.10
18.69
19.08
19.70
20.02
20.63
21.01
21.62
22.02
22.64
22.89
23.56
23.88
24.50
24.88
25.54
25.87
26.48
26.87
27.42
27.84
28.42
28.75
29.36
29.74
30.34
30.73
31.32
31.88
32.44
32.88
33.41
33.87
34.35
34.81
35.32
35.76
36.25
36.75
37.19
37.69
38.17
38.68
39.17
39.68
40.11
40.60
41.11
41.61
42.03
42.55
43.04
43.53
43.98
44.47
44.98
45.46
45.98
46.47
46.94
47.43
47.94
48.44
48.85
49.35
49.84
50.33
50.78
51.29
51.72
52.16
52.72
53.10
53.66
54.04
54.60
55.09
55.65
56.09
56.60
57.03
57.59
58.10
58.53
58.93
59.42
59.91
60.42
60.85
61.41
61.79
62.35
62.83
63.29
63.73
64.28
64.71
65.26
65.65
66.20
66.58
67.14
67.52
68.13
68.57
69.13
69.40
70.00
70.34
70.90
71.22
71.90
72.28
72.88
73.27
73.86
74.14
74.73
75.12
75.74
76.06
76.68
77.13
77.79
78.34
78.85
79.34
79.83
80.35
80.77
81.27
81.71
82.27
82.76
83.21
83.70
84.18
84.57
85.09
85.64
86.09
86.65
87.06
87.57
88.03
88.51
88.97
89.52
89.94
90.40
90.95
91.39
91.89
92.38
92.83
93.38
93.89
94.39
94.90
95.34
95.77
96.26
96.71
97.22
97.71
98.16
98.65
99.13
99.64
100.17
100.58
101.06
101.51
102.06
102.49
103.00
103.49
103.99
104.43
104.92
105.37
105.86
106.37
106.93
107.31
107.80
108.19
108.81
109.30
109.81
110.24
110.72
111.18
111.73
112.22
112.73
113.16
113.67
114.11
114.67
115.10
115.61
116.06
116.55
117.04
117.55
118.11
118.56
118.98
119.48
119.99
120.43
120.88
121.37
121.82
122.37
122.82
123.33
123.81
124.30
124.78
125.29
125.78
126.30
126.72
127.23
127.73
128.17
128.69
129.14
129.63
130.11
130.61
131.05
131.56
132.06
132.57
133.09
133.53
134.00
134.49
134.92
135.48
135.89
136.39
136.88
137.37
137.93
138.36
138.84
139.40
142.34
143.66
144.71
145.69
146.63
147.63
148.62
149.62
150.56
151.48
152.47
153.39
154.40
155.33
156.25
156.75
157.29
158.21
159.15
160.14
161.13
162.14
163.06
164.06
165.04
165.98
166.99
167.90
168.90
170.91
171.72
172.70
173.70
174.61
175.11
175.60
176.09
176.49
177.01
177.56
177.99
178.42
178.78
179.27
179.63
180.31
180.67
181.34
181.59
182.28
182.58
183.19
183.55
184.18
184.47
185.16
185.46
186.17
186.53
187.14
187.44
188.06
188.36
188.98
189.34
190.02
190.25
190.88
191.22
191.92
192.21
192.90
193.20
193.89
194.27
194.95
195.25
195.78
196.16
196.79
197.08
197.76
198.07
198.81
199.04
199.65
199.96
200.62
200.95
201.69
202.19
202.73
203.23
203.72
204.21
204.70
205.19
205.64
206.12
206.55
207.11
207.60
208.10
208.52
209.01
209.50
209.99
210.48
211.03
211.39
211.89
212.40
212.89
213.38
213.87
214.37
214.80
215.34
215.84
216.26
216.76
217.25
217.73
218.22
218.72
219.14
219.70
220.21
220.69
221.12
221.62
222.11
222.60
223.09
223.52
224.00
224.48
224.97
225.45
225.95
226.44
226.93
227.36
227.85
228.33
228.83
229.34
229.85
230.37
230.81
231.33
231.75
232.28
232.71
233.17
233.70
234.18
234.63
235.08
235.59
236.10
236.61
237.12
237.58
238.03
238.54
239.05
239.51
239.94
240.45
240.91
241.42
241.86
242.31
242.82
243.28
243.72
244.17
244.68
245.06
245.52
246.03
246.47
247.07
247.36
248.15
248.48
249.07
249.29
249.95
250.33
250.90
251.21
251.87
252.25
252.96
253.21
253.85
254.18
254.82
255.13
255.84
256.07
256.73
257.11
257.82
258.06
258.72
258.97
259.61
259.99
260.63
260.96
261.65
261.98
262.97
263.26
264.71