2.58
3.09
3.73
4.47
5.22
5.94
6.71
7.47
8.23
8.85
9.56
10.34
11.16
11.81
12.54
13.26
14.05
14.65
15.37
16.13
16.85
17.61
18.38
19.11
19.83
20.54
21.26
22.04
22.76
23.50
24.23
24.97
25.73
26.40
27.13
27.90
28.64
29.35
30.09
30.85
31.59
32.29
33.02
33.73
34.47
35.21
35.97
36.69
37.41
43.18
43.98
44.71
45.45
46.22
46.97
47.72
48.44
49.10
49.83
50.60
51.36
52.05
52.77
53.55
54.27
54.97
55.74
56.46
57.24
57.96
58.68
60.13
60.91
61.57
62.31
63.01
63.76
64.48
65.25
65.93
66.69
67.43
68.15
68.84
69.60
70.36
71.10
71.82
72.57
73.25
74.00
74.75
75.49
76.24
77.01
77.75
78.44
79.15
79.89
80.57
81.32
82.05
82.84
84.27
84.99
85.72
86.41
87.18
87.91
88.70
89.40
90.15
96.25
101.92
107.79
108.45
109.11
109.82
110.61
111.33
112.01
112.78
113.51
114.23
114.99
115.73
116.44
117.20
117.95
118.65
119.32
120.12
120.83
121.57
122.30
123.02
125.20
125.97
126.65
127.47
128.16
128.87
129.66
130.36
131.11
131.83
132.56
133.31
134.04
134.76
135.47
136.21
136.93
137.66
138.37
139.11
139.85
140.62
141.37
142.09
142.84
143.57
144.28
145.00
145.76
146.45
147.21
148.67
149.41
150.14
150.84
151.61
152.36
153.08
153.83
154.55
155.28
156.00
156.71
157.48
158.22
158.95
159.61
160.38
161.10
161.83
162.55
163.28
164.00
164.79
165.48
166.22
166.93
167.69
168.40
169.17
169.88
170.62
171.39
172.11
172.84
173.55
174.24
175.03
175.74
176.44
177.19
177.88
178.68
179.43
180.12
180.86
181.58
182.37
183.12
183.84
184.55
185.24
186.00
186.72
187.43
188.20
188.88
189.63
190.36
191.08
191.80
192.55
193.27
194.03
194.79
195.49
196.22
196.92
197.65
198.41
199.15
199.89
200.66
201.40
202.08
202.81
203.53
204.27
205.03
205.75
206.52
207.27
207.97
208.65
209.40
210.15
210.85
211.62
212.35
213.09
213.80
214.54
215.20
215.97
216.72
217.49
218.15
218.94
219.60
220.39
221.11
221.84
222.54
223.29
224.04
224.80
225.49
226.23
227.00
227.68
228.43
229.13
229.92
