3.26
3.83
4.44
5.03
5.64
5.92
6.22
6.52
6.86
7.16
7.48
8.13
8.74
9.36
9.94
10.55
11.17
11.77
12.39
13.03
13.64
14.27
14.84
15.49
16.10
16.70
17.28
17.89
18.53
19.17
19.80
20.39
20.99
21.58
22.20
22.84
23.39
24.03
24.64
25.25
25.87
26.52
27.11
27.70
28.31
28.94
29.52
30.19
30.78
31.37
32.00
32.61
33.23
33.85
34.45
35.09
35.69
36.30
36.92
37.52
38.12
38.73
39.39
40.00
40.59
41.15
41.76
42.40
43.03
43.60
44.23
44.86
45.73
46.65
47.31
47.91
48.56
49.15
49.78
50.64
51.56
52.20
52.81
53.39
54.01
54.65
55.26
55.91
56.45
57.09
57.72
58.34
58.94
59.56
60.13
60.78
61.42
62.03
62.62
63.25
63.84
64.46
65.06
65.68
66.29
66.90
67.49
68.13
68.75
69.35
69.95
70.59
71.16
71.78
72.40
73.04
73.62
74.26
74.87
75.49
76.12
76.68
77.32
77.90
78.50
79.16
79.74
80.38
80.98
81.57
82.19
82.81
83.41
84.04
84.65
85.26
85.88
86.51
87.07
87.74
88.35
89.00
89.80
90.74
91.35
92.01
92.60
93.24
93.86
94.69
95.63
95.93
96.25
96.91
97.49
98.10
98.71
99.35
99.94
100.55
101.18
101.80
102.35
102.97
103.58
104.23
104.83
105.44
106.05
106.68
107.30
107.94
108.56
109.16
109.75
110.40
110.99
111.55
112.21
112.83
113.42
114.04
114.66
115.28
115.88
116.47
117.11
117.75
118.35
118.93
119.50
120.16
120.78
121.38
121.97
122.60
123.24
123.83
124.45
125.07
125.64
126.27
126.89
127.48
128.13
128.72
129.36
129.94
130.58
131.15
131.80
132.46
133.00
133.61
134.82
135.48
138.07
138.81
139.70
140.43
142.73
143.65
144.64
145.28
145.87
146.45
147.11
147.69
148.33
148.92
149.56
150.18
150.78
151.39
151.97
152.59
153.19
153.83
154.42
155.06
155.70
156.31
156.92
157.52
158.07
158.71
159.36
159.93
160.57
161.19
161.81
162.42
163.03
163.67
164.28
164.90
165.50
166.12
166.67
167.31
167.95
168.55
169.17
169.74
170.34
170.96
171.58
172.22
172.79
173.43
174.06
174.65
175.26
175.91
176.53
177.12
177.76
178.39
178.93
179.56
180.18
180.77
181.37
182.03
182.93
183.80
184.46
