0.52
1.34
0.52
1.04
1.51
1.97
2.43
2.88
3.39
3.88
4.37
4.77
5.28
5.79
6.27
6.69
7.19
7.72
8.19
8.66
9.15
9.59
10.07
10.55
11.01
11.54
12.00
12.46
12.92
13.37
13.89
14.40
14.84
15.29
15.78
16.23
16.74
17.23
17.72
18.17
18.63
19.11
19.62
20.11
20.49
20.99
21.46
21.99
22.48
22.95
23.42
23.87
24.38
24.82
25.30
25.76
26.25
26.75
27.21
27.69
28.15
28.64
29.15
29.61
30.06
30.58
31.03
31.49
32.00
32.46
32.94
33.40
33.85
34.34
34.81
35.32
35.77
36.30
36.77
37.22
37.63
38.14
38.65
39.11
39.59
40.05
40.51
40.99
41.51
42.02
42.47
42.93
43.41
43.92
44.36
44.86
45.33
45.78
46.27
46.75
47.23
47.72
48.18
48.68
49.10
49.62
50.06
50.57
51.00
51.51
52.00
52.50
52.94
53.43
53.88
54.39
54.85
55.31
55.82
56.30
56.78
57.25
57.72
58.21
58.68
59.20
59.62
60.07
60.58
61.03
61.54
62.03
62.52
63.00
63.44
63.91
64.38
64.84
65.32
65.78
66.28
66.75
67.21
67.71
68.20
68.65
69.16
69.60
70.11
70.57
71.08
71.54
72.02
72.50
72.96
73.42
73.91
74.39
74.87
75.33
75.77
76.27
76.75
77.24
77.75
78.23
78.69
79.16
79.66
80.14
80.61
81.08
81.53
82.02
82.51
83.02
83.45
83.92
84.37
84.86
85.32
85.80
86.26
86.82
87.27
87.71
88.17
88.65
89.11
89.62
90.13
90.62
91.07
91.53
92.01
92.52
92.98
93.50
93.97
94.41
94.87
95.33
95.81
96.27
96.75
97.23
97.66
98.20
98.64
99.15
99.63
100.09
100.55
101.05
101.52
102.01
102.46
102.97
103.42
103.91
104.36
104.85
105.34
105.89
106.36
106.81
107.24
107.78
108.24
108.73
109.18
109.64
110.12
110.61
111.04
111.53
112.01
112.52
113.00
113.46
113.89
114.40
114.86
115.39
115.86
116.31
116.75
117.24
117.69
118.18
118.68
119.07
119.57
120.08
120.57
121.08
121.56
122.02
122.49
123.02
153.21
153.53
153.96
154.38
154.85
155.32
155.79
156.26
156.79
157.25
157.71
158.20
158.67
159.11
159.59
160.06
160.55
161.02
161.48
161.98
162.47
162.96
163.41
163.90
164.36
164.86
165.33
165.81
166.27
166.78
167.23
167.67
168.15
168.63
169.12
169.63
170.09
170.53
170.98
171.49
171.94
172.38
172.88
173.35
173.81
174.31
174.80
175.31
175.78
176.30
176.79
177.27
177.75
178.26
178.67
179.15
179.59
180.13
180.56
181.07
181.55
182.01
182.47
182.95
183.39
183.93
184.42
184.91
185.40
185.85
186.36
186.79
187.34
187.79
188.22
188.69
189.17
189.65
190.11
190.61
191.08
191.56
192.06
192.51
192.98
193.47
193.93
194.42
194.92
195.41
195.87
196.39
196.91
197.45
197.88
198.41
198.84
199.35
200.02
200.57
201.04
201.53
202.03
202.54
203.00
203.49
203.96
204.41
204.90
205.37
205.86
206.36
206.84
207.33
207.76
208.25
208.72
209.19
209.62
210.13
210.56
211.05
211.51
212.01
212.50
212.93
213.39
213.90
214.38
214.87
215.33
215.84
216.29
216.76
217.23
217.75
218.17
218.69
219.15
219.63
220.09
220.60
221.11
221.62
222.10
222.61
223.17
223.61
223.97
224.42
224.89
225.34
225.79
226.28
226.77
227.28
227.73
228.19
228.68
229.18
229.62
230.10
230.53
231.02
231.48
232.01
232.50
232.98
233.44
233.95
234.43
234.89
235.35
235.81
236.29
236.80
259.88
260.19
260.62
261.03
261.48
261.97
262.43
262.91
263.34
263.85
264.31
264.79
265.25
265.74
266.22
266.66
267.16
267.62
268.13
268.59
269.03
269.56
270.04
270.50
271.01
271.49
271.95
272.44
272.87
273.38
273.84
274.32
274.83
275.34
275.83
276.28
276.74
277.20
277.71
278.16
278.63
279.10
279.57
280.13
280.54
281.02
281.48
281.98
282.42
282.94
283.43
283.90
284.33
284.84
285.33
285.78
286.29
286.75
287.23
287.74
288.15
288.66
289.12
289.60
290.04
290.53
290.98
291.47
291.94
292.43
292.92
293.37
293.86
294.35
294.73
295.29
295.72
296.18
296.66
297.12
297.61
298.13
298.60
299.06
299.54
300.05
300.50
300.97
301.48
301.99
302.47
302.95
303.46
303.95
304.46
304.99
305.40
305.88
306.29
306.77
307.21
307.69
308.20
308.66
309.14
309.65
310.11
310.59
311.10
311.59
312.05
312.55
312.99
313.49
313.93
314.47
314.92
315.41
315.84
316.30
316.76
317.22
317.71
318.18
318.65
319.16
319.63
320.12
320.59
321.11
321.57
322.06
322.49
323.00
323.43
323.96
324.37
324.86
325.32
325.82
326.29
326.77
327.25
327.76
328.23
328.74
329.21
329.65
330.08
330.64
331.07
331.58
332.05
332.52
333.03
333.50
333.97
334.41
334.89
335.42
335.84
336.32
336.78
337.29
337.77
338.23
338.69
339.20
339.64
340.15
340.65
341.14
341.60
342.05
342.56
343.03
343.59
344.06
358.99
