16.76
17.02
17.51
18.00
18.40
18.91
19.49
19.98
20.47
20.97
21.46
21.99
22.50
23.03
23.49
24.03
24.51
25.02
25.51
26.04
26.49
27.04
27.49
28.05
28.56
29.07
29.52
30.04
30.52
31.08
31.57
32.03
32.72
33.02
33.55
34.04
34.53
35.05
35.49
36.05
36.51
37.02
37.54
38.01
38.55
39.01
39.52
40.00
40.51
41.02
41.53
42.00
42.49
43.00
43.49
44.03
44.51
44.97
45.48
45.99
46.47
47.03
47.46
48.02
48.48
48.72
48.99
49.55
50.04
50.57
51.03
51.54
52.02
52.56
53.03
53.52
54.01
54.54
55.03
55.54
55.99
56.53
56.99
57.49
58.02
58.49
58.98
59.54
60.02
60.53
61.01
61.54
62.03
62.54
63.00
63.53
64.04
64.51
65.04
65.53
66.03
66.51
67.02
67.51
68.00
68.53
68.99
69.50
70.01
70.54
71.03
71.54
72.02
72.53
72.99
73.51
73.96
74.54
75.02
75.53
76.02
76.52
77.01
77.52
78.01
78.52
79.03
79.56
80.02
80.55
80.98
81.55
82.02
82.56
83.05
83.53
84.02
84.54
85.03
85.59
86.03
86.52
87.02
87.55
88.04
88.50
89.00
89.51
90.00
90.51
90.98
91.50
91.94
92.43
92.93
93.52
94.01
94.48
94.99
95.48
95.99
96.53
97.01
97.51
98.00
98.49
99.00
99.53
100.03
100.52
101.03
101.52
102.01
102.54
102.99
103.53
104.01
104.52
105.04
105.55
106.05
106.53
107.02
107.51
108.03
108.54
109.03
109.49
110.03
110.53
111.01
111.50
112.04
112.52
113.03
113.57
114.02
114.49
115.02
115.52
115.90
116.47
116.92
117.41
117.97
118.50
118.86
119.12
119.55
120.06
120.52
121.02
121.51
122.04
122.49
123.02
123.47
123.96
124.44
124.97
125.50
126.01
126.50
127.04
127.52
128.06
128.52
129.02
129.53
130.02
130.51
131.02
131.52
132.03
132.49
133.05
133.51
134.05
134.50
134.99
135.44
136.01
136.52
137.06
137.56
138.04
138.53
139.06
139.58
140.07
140.52
141.05
141.51
142.01
142.50
143.03
143.52
144.54
176.65
177.08
177.47
177.99
178.48
178.99
179.50
179.99
180.47
180.98
181.42
181.97
182.46
182.96
183.47
184.06
184.49
185.03
185.49
186.03
186.50
186.99
187.50
187.99
188.55
189.02
189.46
189.97
190.46
191.02
191.51
192.03
192.56
193.00
193.52
194.05
194.56
195.07
195.52
196.03
196.52
197.03
197.51
198.04
198.53
199.02
199.52
200.04
200.52
201.07
201.54
202.05
202.52
203.01
203.50
204.06
204.51
205.03
205.49
206.04
206.51
207.04
207.52
208.05
208.52
209.05
209.56
210.07
210.55
211.01
211.52
212.03
212.52
213.04
213.48
214.00
214.51
215.01
215.52
216.03
216.51
217.03
217.50
218.05
218.50
219.06
219.54
220.06
220.49
221.02
221.55
222.04
222.51
223.02
223.49
224.00
224.54
225.05
225.50
226.03
226.50
227.06
227.54
228.05
228.53
229.04
229.48
230.04
230.50
231.06
231.51
232.03
232.49
233.05
233.56
234.05
234.57
235.03
235.54
236.03
236.51
237.04
237.51
237.99
238.53
239.00
239.54
240.02
240.51
241.05
241.53
242.03
242.54
243.01
243.52
243.97
244.51
244.97
245.47
245.98
246.49
246.98
247.51
247.98
248.51
249.02
249.52
250.03
250.52
251.03
251.52
251.99
252.53
253.04
253.53
254.04
254.57
255.05
255.54
256.09
256.58
257.04
257.56
258.01
258.50
259.05
259.51
259.99
260.50
261.04
261.55
262.00
262.49
262.95
263.51
263.96
264.48
265.03
265.56
266.03
266.60
267.16
267.69
268.20
268.70
269.21
269.65
270.72
271.17
271.69
272.73
273.16
273.57
274.03
274.52
275.08
275.59
276.12
276.61
277.17
277.68
278.13
278.70