11.73
11.90
12.26
12.41
12.79
13.12
13.43
16.92
17.38
17.74
17.96
18.27
18.63
18.98
22.44
22.84
23.21
23.39
23.70
24.06
24.40
27.83
28.31
28.67
28.86
29.18
29.54
29.88
33.32
33.74
34.11
34.27
34.57
34.93
35.28
38.75
39.21
39.61
39.76
40.08
40.40
40.74
44.33
44.66
45.05
45.20
45.55
45.88
46.24
46.60
46.93
47.57
47.93
48.38
48.53
48.94
49.60
50.09
50.47
50.64
50.98
51.28
51.71
52.02
52.37
52.92
53.29
53.43
53.88
54.08
54.42
54.75
55.10
55.54
55.95
56.15
56.48
56.83
57.14
57.47
57.81
58.17
58.51
58.85
59.23
59.41
59.79
60.53
61.03
61.39
61.63
61.96
62.57
62.97
63.29
63.79
64.20
64.35
64.78
64.98
65.32
65.65
66.00
66.54
66.95
67.33
67.69
68.05
68.48
68.73
69.11
69.42
69.78
70.23
70.39
70.75
71.15
71.44
71.97
72.38
72.55
72.86
73.19
73.57
73.85
74.21
74.70
75.13
75.60
75.71
76.15
76.30
76.60
76.93
77.42
77.82
78.26
78.44
78.54
78.92
79.61
79.99
80.32
80.65
81.32
81.47
81.70
82.02
82.36
82.92
83.30
83.45
83.77
84.37
84.71
85.07
85.59
85.98
86.48
86.56
87.10
87.46
87.81
89.19
89.87
91.96
93.24
94.59
95.96
97.38
98.72
100.04
101.46
102.82
104.21
104.65
105.06
105.28
105.55
105.89
106.23
109.64
110.10
110.50
110.67
110.97
111.32
111.65
115.11
115.60
115.94
116.13
116.44
116.77
117.13
120.57
121.06
121.43
121.59
121.89
122.23
122.58
126.03
126.55
126.89
127.06
127.40
127.72
128.06
131.22
131.88
132.28
132.46
132.79
133.15
133.48
134.18
134.50
134.88
135.19
135.63
135.78
136.16
136.82
137.04
137.21
137.72
138.32
138.94
139.30
139.67
140.16
140.60
141.10
141.31
141.69
142.04
142.37
142.88
143.29
143.70
144.03
144.40
145.10
145.45
145.79
146.15
146.58
146.75
147.16
147.47
147.83
148.36
148.74
148.90
149.25
149.86
150.20
150.58
151.01
151.46
151.95
152.13
152.33
152.61
152.95
153.30
153.83
154.32
154.62
154.96
155.32
156.05
156.36
156.67
157.00
157.48
157.63
157.81
158.07
158.73
159.23
159.57
160.10
160.72
161.12
161.45
161.89
162.40
162.90
163.09
163.49
163.79
164.18
164.73
165.20
165.54
165.88
166.22
166.91
167.24
167.61
167.93
168.40
168.57
168.94
169.63
170.14
170.57
171.05
171.64
172.00
172.36
173.05
173.37
173.88
174.07
174.46
174.78
175.12
