12.33
13.92
15.03
16.92
17.58
17.98
20.26
21.00
22.86
23.44
23.95
25.74
26.90
28.67
29.33
29.81
31.97
32.72
34.53
35.11
35.77
37.18
37.86
38.59
39.36
40.08
40.82
41.58
42.30
43.00
43.71
44.43
45.20
45.94
46.65
47.38
48.17
48.87
49.55
50.32
51.08
53.22
53.96
56.17
56.91
59.07
59.84
61.30
62.01
62.84
63.51
64.25
64.96
65.68
66.39
67.18
67.90
68.66
69.32
70.11
70.84
71.56
72.27
73.02
73.77
74.56
75.22
76.01
76.68
77.39
78.14
79.59
81.39
81.77
82.51
88.35
92.73
94.33
94.99
96.06
97.14
98.87
99.51
100.11
101.95
102.99
104.78
105.44
105.95
107.83
108.83
110.63
111.27
111.76
113.53
114.68
115.45
116.52
117.64
118.38
119.32
120.19
121.30
122.15
123.02
123.40
125.64
126.42
128.21
128.92
129.31
131.15
132.28
134.43
134.95
135.24
137.13
138.09
140.26
140.71
141.05
142.52
144.00
145.46
146.96
148.39
149.92
151.39
152.82
153.55
154.55
155.06
155.70
156.41
157.45
157.86
158.58
159.37
160.38
161.58
163.24
163.90
164.43
166.31
166.89
167.49
169.16
169.70
170.24