12.24
12.99
13.35
13.76
14.52
14.71
14.88
16.03
16.79
17.48
17.64
17.84
18.60
18.98
19.41
19.75
20.49
20.64
20.84
21.61
21.94
22.37
22.73
23.50
23.63
23.82
24.61
25.00
25.76
26.49
26.66
26.81
27.96
28.33
28.73
29.45
29.65
29.81
30.58
31.03
31.76
32.46
32.64
32.84
33.60
33.98
34.77
35.47
36.28
37.07
38.50
40.00
41.48
43.03
44.48
45.99
47.51
48.99
50.52
51.23
51.97
52.76
53.43
54.22
55.03
55.79
56.48
57.25
58.04
58.79
59.51
60.28
61.09
61.78
62.54
63.29
64.02
64.71
65.49
66.28
67.02
67.77
68.52
68.86
69.27
70.01
70.72
71.53
71.84
72.23
73.38
75.28
78.23
84.30
84.96
85.34
85.73
86.48
86.84
87.18
88.04
88.76
89.51
89.85
90.19
90.98
91.79
92.50
92.88
93.22
93.99
94.76
95.48
95.83
96.19
97.00
97.42
97.79
98.51
98.87
99.24
100.01
100.37
100.75
101.46
101.87
102.18
102.97
103.74
104.50
104.68
104.83
105.98
106.73
107.51
107.83
108.17
109.01
110.69
111.99
113.53
115.02
116.52
118.03
119.50
121.00
122.51
124.01
125.52
127.04
128.55
130.04
