2.45
3.39
4.01
4.60
4.95
5.56
6.25
6.88
7.50
7.83
8.13
8.80
9.45
10.09
10.73
11.34
11.98
12.64
12.97
13.25
13.92
14.57
15.16
15.82
16.44
17.10
17.43
17.72
18.37
18.98
19.64
20.31
20.94
21.56
22.22
22.86
23.49
24.13
24.79
25.43
26.09
26.68
27.32
27.96
28.58
29.28
29.88
30.50
31.14
31.76
32.42
33.07
33.74
34.37
34.96
35.62
36.26
36.92
37.54
38.19
38.80
39.16
39.33
39.59
39.76
40.08
40.23
40.40
40.55
40.69
40.87
41.04
41.19
41.35
41.51
41.66
41.81
42.00
42.14
42.27
42.45
42.60
43.90
44.51
45.17
45.81
46.18
46.46
47.10
47.74
48.43
48.72
49.02
49.63
50.29
50.96
51.26
51.56
52.18
52.84
53.50
53.80
54.09
54.72
55.14
55.41
55.87
56.33
57.14
57.66
57.89
58.57
59.21
59.71
60.45
60.99
61.45
62.03
62.67
63.69
64.35
65.04
66.19
67.49
68.75
70.08
71.33
72.63
73.25
73.90
74.54
75.20
76.45
77.07
77.73
79.03
79.68
80.25
80.91
81.57
82.19
82.85
84.14
84.80
86.08
87.30
88.60
89.87
90.49
91.77
93.05
93.69
94.31
94.63
94.97
95.61
96.22
96.87
97.50
98.19
98.82
99.46
100.08
100.64
100.83
100.96
101.11
101.25
101.42
101.60
101.75
101.89
102.04
102.24
102.39
102.54
102.70
102.88
103.03
103.18
103.33
103.49
103.62
103.79
103.92
107.76
108.36
108.70
109.02
109.64
109.93
110.26
110.94
111.54
112.18
112.52
112.81
113.45
114.10
114.74
115.02
115.36
116.02
116.63
117.12
117.60
118.28
118.90
119.20
119.56
119.84
120.52
121.06
121.75
122.29
122.74
123.31
124.30
125.02
125.62
126.28
130.69
133.26
135.77
