3.80
4.98
6.99
8.21
10.22
11.42
13.46
14.68
16.64
17.91
19.88
21.10
23.08
24.36
26.30
27.06
27.47
29.54
30.06
30.28
30.71
32.73
33.37
33.56
33.92
35.53
35.99
36.55
36.76
37.15
38.65
39.29
39.85
40.03
40.44
42.40
42.98
43.19
43.62
44.84
39.24
39.82
40.01
40.39
42.45
42.72
43.04
43.24
43.60
45.71
46.24
46.45
46.86
48.90
49.50
49.71
50.09
52.08
53.25
55.34
56.59
58.53
59.77
61.73
63.01
64.97
66.17
67.38
68.21
69.04
69.83
70.62
71.44
72.25
73.04
73.85
74.65
75.46
76.25
77.02
77.88
78.47
78.67
79.05
79.84
81.08
81.68
81.90
82.26
84.32
84.92
85.14
85.50
87.53
88.10
88.32
88.70
90.72
91.56
91.94
94.03
94.74
95.16
97.23
97.85
98.05
98.41
100.43
101.62
102.82
103.55
104.25
104.42
104.80
106.87
107.35
108.01
110.05
110.63
110.84
111.27
113.29
113.85
114.08
114.46
116.49
117.08
117.28
117.71
119.71
119.91
120.34
120.55
120.95
122.98
123.55
123.79
124.16
126.18
126.78
126.99
127.37
128.62
129.40
130.22
130.64
131.83
132.67
133.28
133.76
133.92
135.06
135.86
136.46
136.85
137.02
138.25
139.09
139.67
139.88
140.31
141.50
142.29
142.84
143.08
143.48
