12.21
12.97
13.73
14.12
15.24
16.00
16.72
17.10
18.24
18.98
19.69
20.07
21.25
21.99
22.71
23.12
24.21
25.74
26.12
27.24
28.03
28.77
29.15
30.24
30.99
31.74
32.10
33.32
34.02
34.34
34.75
35.09
36.26
36.99
37.76
38.09
39.24
40.40
41.06
42.26
42.98
43.72
44.09
44.48
45.24
45.60
45.99
46.72
47.48
48.27
49.38
49.76
50.90
51.26
52.38
52.73
53.88
54.24
54.97
55.69
56.05
56.42
57.21
57.98
58.75
59.11
59.47
60.26
61.78
63.29
64.78
65.90
66.23
67.41
67.73
68.48
69.22
70.75
71.51
72.27
73.02
73.75
74.15
75.26
76.02
76.71
77.14
77.88
78.99
79.71
80.10
81.26
81.98
82.70
83.10
84.22
85.75
87.27
87.99
88.78
89.13
90.28
91.00
91.73
92.14
92.88
93.97
94.71
95.10
95.89
97.70
98.53
99.30
100.07
100.80
101.56
102.28
103.02
103.76
104.47
105.23
111.35
112.04
112.74
113.56
114.30
115.02
115.26
115.50
115.83
116.56
117.26
117.99
118.71
119.46
119.85
120.23
121.00
121.79
122.51
122.89
123.27
123.65
124.03
124.77
125.50
126.27
127.01
127.80
128.57
129.34
130.12
130.89
131.62
132.41
133.20
133.97
134.71
135.55
136.34
138.22
138.98
139.73
140.16
141.26
142.04
142.76
143.09
144.25
145.00
145.74
146.11
147.24
148.00
148.71
149.12
150.22
151.01
151.75
152.13
153.27
153.63
154.75
155.16
156.24
157.00
157.37
157.76
158.12
158.88
159.27
160.00
160.69
161.10
162.26
163.05
163.77
164.51
165.27
166.01
166.75
167.46
168.25
168.99
169.78
170.49
171.28
172.00
172.77
173.17
173.50
174.29
175.03
175.76
176.17
176.53
177.30
178.02
178.75
179.47
