4.52
4.85
5.25
5.61
6.01
6.33
6.68
7.01
7.37
7.74
8.13
8.51
8.85
9.21
9.58
9.94
10.25
10.60
10.96
11.28
11.64
11.96
12.31
12.67
13.00
13.39
13.73
14.09
14.42
14.80
15.14
15.52
18.25
21.12
23.95
26.80
27.50
28.73
29.57
30.23
30.72
31.72
32.40
33.11
34.54
35.22
35.86
36.30
36.73
36.93
37.35
38.01
38.79
39.88
40.22
40.86
41.62
42.71
42.99
43.70
44.42
45.46
45.82
46.51
47.25
48.67
49.39
50.07
51.50
52.16
52.87
53.95
54.32
55.02
55.73
56.60
57.18
57.84
58.53
59.65
59.93
60.62
61.34
62.45
62.74
63.52
64.16
65.20
65.58
66.28
66.97
68.03
68.42
69.13
69.82
70.86
71.22
71.94
72.64
73.71
74.07
74.78
75.48
76.49
76.85
77.59
78.32
79.34
79.70
80.43
81.15
82.18
82.52
83.24
83.93
84.29
84.65
85.01
85.36
85.72
86.10
86.42
86.78
87.12
87.48
87.85
88.19
88.54
88.87
89.23
89.56
89.90
90.26
90.63
90.99
91.32
91.68
91.86
92.01
92.18
92.37
92.52
92.69
93.10
93.82
94.57
95.25
95.57
95.96
96.29
96.64
97.00
97.34
97.69
98.02
98.39
98.73
99.09
99.45
100.18
100.50
100.84
101.20
101.56
101.94
102.27
102.63
102.99
103.34
103.68
104.04
104.39
104.75
105.11
105.81
106.17
106.52
106.86
107.22
107.58
107.93
108.26
108.63
108.95
109.33
109.68
110.04
110.40
110.76
111.49
111.80
112.18
112.51
112.90
113.23
113.60
113.96
114.30
114.65
115.03
115.35
115.72
116.03
116.41
117.14
117.46
118.55
119.23
119.92
120.66
121.71
122.02
122.78
123.47
124.52
124.89
125.59
126.27
127.36
127.66
128.38
129.09
130.16
130.52
131.26
131.95
132.97
133.35
134.10
134.76
135.83
136.17
136.89
137.60
138.67
139.01
139.74
140.40
141.44
141.80
142.55
143.26
144.25
144.64
145.35
146.07
147.11
147.46
148.18
148.89
149.91
150.27
151.00
151.68
152.76
153.11
153.83
154.54
155.61
155.95
156.68
157.35
158.44
158.77
159.49
160.19
161.26
161.58
162.31
162.97
163.71
164.42
165.09
165.91
166.57
167.21
167.94
168.60
169.34
170.05
170.75
171.07
171.41
171.58
171.76
171.92
172.18
173.55
174.25
174.97
175.32
175.71
176.07
176.43
176.75
177.13
177.45
177.82
178.16
178.54
179.25
179.58
179.94
180.31
180.65
180.99
181.36
181.70
182.06
182.38
182.76
183.08
183.46
183.79
184.17
184.91
185.24
185.57
185.95
186.31
186.64
187.03
187.37
187.69
188.06
188.37
188.73
189.11
189.46
189.80
190.57
190.89
191.20
191.55
191.91
192.27
192.62
192.96
193.34
193.67
194.05
194.39
194.73
195.09
195.45
196.19
196.50
196.86
197.23
197.59
197.93
198.31
198.64
199.00
199.32
199.70
200.04
200.39
200.77
201.11
201.85
202.18
202.50
202.88
203.24
203.58
203.94
204.29
204.67
204.99
205.36
205.69
206.04
206.43
206.76
207.47
208.14
209.24
209.59
210.30
211.01
212.11
212.42
213.12
213.76
214.89
215.23
215.96
216.67
217.69
218.02