0.77
2.86
5.20
7.44
9.79
10.30
10.86
11.42
11.98
12.60
13.15
13.73
14.27
14.86
15.44
16.03
16.59
17.17
17.74
18.32
18.58
18.88
19.47
20.03
20.61
20.86
21.15
21.78
22.33
22.88
23.16
23.44
24.03
24.61
25.19
25.79
26.34
26.88
27.43
28.00
28.56
29.14
29.69
29.99
30.27
30.86
31.42
32.03
32.29
32.57
33.15
33.73
34.27
34.85
35.18
35.47
36.03
36.58
36.86
37.14
37.71
38.31
38.88
39.44
40.02
40.59
41.19
41.73
42.30
42.88
43.44
44.03
44.61
45.15
45.71
45.99
46.31
46.88
47.44
48.02
48.59
49.17
49.73
50.32
50.85
51.41
52.00
52.56
53.17
53.71
54.31
54.87
55.39
55.97
56.58
57.14
57.70
58.29
58.85
59.43
59.99
60.56
61.09
61.67
62.24
62.80
63.08
63.41
64.55
65.11
65.68
66.26
66.85
67.41
67.99
68.56
69.14
69.71
70.31
70.84
71.40
71.97
72.57
73.14
73.72
74.28
74.85
75.41
75.99
76.58
77.16
77.69
78.24
78.84
79.40
79.99
80.55
81.14
81.70
82.31
82.90
83.41
84.01
84.58
85.16
85.72
86.29
86.87
87.43
87.99
88.53
89.11
89.68
90.28
90.87
91.50
92.02
92.55
93.16
93.73
94.28
94.89
95.43
95.99
96.62
97.14
97.72
98.30
98.87
99.43
100.03
100.58
100.88
101.18
101.72
102.28
102.84
103.44
104.04
104.59
105.15
105.72
106.32
106.89
107.45
107.96
108.58
109.13
109.75
110.27
110.86
111.46
112.01
112.57
113.13
113.70
114.25
114.86
115.43
116.01
116.58
116.88
117.18
117.46
117.74
118.02
118.28
119.42
119.95
120.55
121.15
121.72
122.30
122.87
123.45
124.01
124.54
125.16
125.74
126.28
126.86
127.42
127.98
128.57
129.13
129.72
130.32
130.88
131.45
132.03
132.59
133.15
133.71
134.30
134.86
135.48
136.01
136.64
137.18
137.79
138.30
138.89
139.45
140.00
140.59
141.18
141.69
142.30
142.86
143.49
144.06
144.64
145.21
145.74
146.34
146.90
147.45
148.05
148.61
149.15
149.78
150.33
150.91
151.44
152.02
152.57
153.15
153.74
154.30
154.85
155.45
155.98
156.61
157.18
157.78
158.31
158.86
159.44
160.03
160.59
161.17
161.74
162.32
162.85
163.43
164.03
164.61
165.14
165.81