0.87
2.47
5.50
7.80
10.32
12.47
14.95
17.48
19.96
21.00
22.12
23.31
24.54
25.15
25.70
26.32
26.91
27.54
28.13
28.73
29.35
29.94
30.52
31.14
31.74
32.36
32.94
33.53
34.12
34.68
35.28
35.90
36.51
37.14
37.73
38.37
38.93
39.65
40.46
41.30
41.89
42.79
43.72
44.28
45.29
46.14
46.72
47.67
48.53
49.09
49.98
50.92
51.49
52.45
53.35
53.91
54.78
55.74
56.31
57.25
58.13
58.68
59.62
60.38
61.03
62.06
62.74
63.38
64.42
65.27
65.88
66.95
67.60
68.20
69.18
70.11
70.67
71.67
72.46
73.06
74.06
77.33
77.88
78.94
79.73
81.21
82.13
82.77
83.91
84.58
85.21
86.08
86.94
87.53
88.70
89.28
89.87
90.77
91.65
92.24
93.08
94.12
94.69
95.61
96.44
97.31
98.20
98.89
99.50
100.37
101.29
101.87
103.02
103.65
104.26
105.17
106.13
106.73
107.68
108.46
109.08
109.97
110.91
111.49
112.59
113.28
113.84
114.75
115.37
116.29
118.15
118.75
119.33
119.92
120.55
121.09
121.72
122.33
122.93
123.51
124.15
124.73
125.32
125.93
126.54
127.12
127.76
128.30
128.95
129.49
130.12
130.67
131.32
131.94
132.53
133.11
133.70
134.33
134.97
135.50
136.39
136.75
137.33
137.93
138.80
139.08
139.74
140.34
141.15
141.49
142.13
142.74
143.53
143.91
144.57
145.14
145.97
146.29
146.95
147.53
148.40
148.72
149.34
149.94
150.81
151.12
151.78
152.37
153.21
153.51
154.16
154.71
155.78
155.98
156.53
157.13
158.00
158.28
158.92
159.50
160.42
160.69
161.31
161.91
162.81
163.09
163.70
164.29
165.21
165.47
166.10
166.71
167.60
167.88
168.52
169.10
170.02
170.30
171.03
173.31
173.86
174.52
175.12
175.67
176.38
177.21
177.49
178.13
178.69
179.54
179.90
180.54
181.14
181.99
182.31
182.90
183.55
184.40
184.68
185.32
185.91
186.82
187.11
187.73
188.33
189.18
189.50
190.14
190.69
191.61
191.94
192.53
193.13
194.15
194.34
194.98
195.51
196.42
196.68
197.29
197.85
198.74
199.05
199.70
200.25
201.19
201.51
202.13
202.72
203.84
204.16
204.60
205.16
206.03
206.29
206.91
207.55
208.40
208.68
209.32
209.89
210.79
211.10
211.71
212.37
213.22
213.54
214.11
214.67
215.59
215.89
216.53
217.08
217.98
218.28
218.92
219.53
220.43
220.66
221.32
221.92
222.77
223.10
223.74
224.29
225.25
225.51
226.15
226.79
227.64
227.92
228.50
229.05
229.95
230.24