1.94
2.23
3.27
3.65
4.69
5.05
5.39
6.12
6.46
6.80
7.50
7.83
8.23
8.95
9.28
9.66
10.34
10.68
11.04
11.77
12.43
13.18
13.51
13.89
14.58
14.95
15.34
16.01
16.36
16.72
17.45
17.79
18.12
18.83
19.24
19.57
20.26
20.61
20.97
21.66
22.04
22.37
23.10
23.44
23.78
24.51
24.87
25.23
25.91
26.27
26.62
27.34
27.69
28.00
28.73
29.07
29.45
30.16
30.48
30.85
31.57
31.90
32.25
33.00
33.34
33.68
34.40
34.77
35.09
35.79
36.11
36.48
37.20
37.54
37.91
38.60
38.95
39.31
40.03
40.38
40.72
41.47
41.76
42.13
42.85
43.18
43.56
44.30
44.63
44.99
45.71
46.03
46.37
47.10
47.42
47.78
48.51
48.81
49.21
49.89
50.27
50.62
51.36
51.71
52.05
52.73
53.07
53.42
54.11
54.47
54.82
55.54
55.89
56.23
56.99
57.66
58.32
59.05
59.79
60.45
61.20
61.90
62.61
63.29
64.04
64.71
65.42
66.15
66.85
67.56
68.24
68.94
69.65
70.36
71.08
71.78
72.48
73.21
73.90
74.28
74.62
74.98
75.35
75.66
76.05
76.37
76.75
76.90
77.09
77.24
77.44
77.58
77.75
77.90
78.08
78.24
78.39
78.56
78.74
79.55
79.93
80.27
81.65
82.36
83.07
83.75
84.40
85.18
85.86
86.59
87.31
88.02
88.72
89.40
90.11
90.84
91.51
92.22
92.90
93.62
94.38
95.07
95.74
96.47
97.19
97.90
98.59
99.30
100.03
100.73
101.39
102.16
102.82
103.53
104.21
104.95
105.62
106.32
106.71
107.07
107.79
108.14
108.50
109.18
109.52
109.87
110.56
110.92
111.27
112.04
112.37
112.77
113.38
113.79
114.17
114.86
115.15
115.53
116.29
116.62
117.01
117.71
118.03
118.40
119.12
119.46
119.78
120.52
120.87
121.21
121.92
122.25
122.60
123.30
123.68
124.03
124.75
125.16
125.50
126.15
126.48
126.84
127.55
127.93
128.27
128.95
129.30
129.66
130.38
130.75
131.11
131.81
132.16
132.52
133.18
133.56
133.90
134.58
134.97
135.35
136.00
136.38
136.72
137.40
137.74
138.17
138.83
139.19
139.58
140.28
140.62
140.99
141.64
142.04
142.37
143.12
143.44
143.80
144.46
144.82
145.21
145.91
146.27
146.62
147.32
148.03
148.71
149.37
150.18
150.86
151.57
152.29
153.02
153.68
154.38
155.09
155.83
156.54
157.23
157.97
158.63
159.29
159.99
160.69
161.44
162.10
162.88
163.57
164.30
164.64
164.97
165.33
165.69
166.05
166.42
166.78
167.07
167.24
167.44
167.60
167.75
167.90
168.12
168.23
168.39
168.54
168.69
168.87
168.99
169.15
169.91
170.27
170.62
171.67
172.03
172.72
173.43
174.43
174.83
175.54
176.20
176.97
177.61
178.38
179.00
179.77
180.47
181.17
181.88
182.58
183.21
183.99
184.63
185.42
186.08
186.83
187.51
188.26
188.94
189.66
190.32
191.08
191.77
192.52
192.88
193.22
194.14
195.31
195.65
196.00
196.72
198.15
198.50
198.86
199.95
200.26
200.97
201.31
201.67
202.73
203.09
203.80
204.16
204.53
205.55
205.87
206.62
206.94
207.32
208.41
208.77
209.48
209.78
210.16
211.24
211.55
212.25
212.66
213.02
214.09
214.39