2.79
3.77
4.75
5.77
6.82
7.78
8.80
9.79
10.76
11.81
12.79
13.76
14.80
15.82
16.80
17.76
18.75
19.80
20.31
20.71
21.28
22.24
22.76
23.23
23.74
24.18
24.69
25.23
25.74
26.25
26.73
27.17
27.75
28.22
28.73
29.25
29.71
30.29
30.73
31.27
31.78
32.23
32.69
33.20
33.74
34.26
34.77
35.24
35.75
36.26
36.76
37.27
37.73
38.24
38.70
39.23
39.74
40.25
40.72
41.27
41.74
43.24
43.77
44.76
45.78
47.10
47.67
48.17
48.74
49.38
49.66
50.19
51.21
51.75
52.24
52.73
53.56
53.78
54.18
55.16
55.69
56.15
56.66
57.42
57.70
58.15
59.07
59.66
60.17
60.76
61.50
61.70
62.16
63.14
63.66
64.23
64.74
65.45
65.72
66.19
67.18
67.74
68.26
68.73
69.47
69.75
70.16
71.20
71.71
72.20
72.74
73.21
73.72
74.16
74.70
75.22
75.74
76.24
76.73
77.45
77.72
78.20
79.20
79.69
80.22
80.78
81.80
82.79
83.84
84.75
85.80
86.77
87.82
88.80
89.79
90.77
91.75
92.80
93.77
94.82
95.76
96.80
97.70
98.74
99.20
99.73
100.22
100.70
101.26
101.75
102.76
103.22
103.71
104.21
104.70
105.74
106.73
107.22
107.79
108.19
108.77
109.26
109.88
110.31
110.74
111.22
111.83
112.23
112.72
113.41
113.70
114.20
114.74
115.24
115.77
116.26
116.75
117.46
117.77
118.18
118.71
119.20
119.78
120.27
120.77
121.51
121.77
122.17
123.22
123.70
124.26
124.71
125.46
125.69
126.18
127.16
127.73
128.23
128.72
129.46
129.70
130.19
131.13
131.68
132.24
132.79
133.46
133.71
134.20
135.24
135.74
136.23
136.72
137.46
137.74
138.22
139.26
139.75
140.24
140.79
141.48
141.78
142.25
143.19
143.74
144.29
144.79
145.53
145.76
146.25
147.75
148.82
149.86
150.78
151.85
