2.83
5.46
7.74
9.64
10.50
11.11
11.77
12.39
12.99
13.61
14.25
14.84
15.46
16.08
16.76
17.36
17.98
18.62
19.21
19.83
20.47
22.04
22.98
24.56
24.97
25.50
26.34
27.95
30.49
31.82
32.15
33.11
34.48
34.95
35.40
36.50
37.26
37.98
39.54
40.09
40.37
42.88
44.52
44.91
45.44
46.56
47.19
47.94
49.54
49.90
50.28
50.48
52.98
53.96
53.22
54.46
54.90
55.38
56.42
57.24
58.00
59.56
59.99
60.45
60.60
63.17
65.32
67.51
67.56
69.52
70.69
71.78
72.35
72.98
73.62
74.28
74.85
75.48
76.12
76.78
77.37
78.00
78.59
79.20
79.87
80.50
81.82
82.99
84.63
85.03
85.45
86.59
87.03
87.99
89.50
90.00
90.31
90.59
92.08
92.97
94.55
95.19
95.47
96.64
98.02
99.50
99.93
100.24
100.47
102.99
104.40
104.93
105.38
106.53
107.28
108.02
109.44
110.05
110.36
110.56
113.23
114.49
115.02
115.40
116.11
117.26
117.99
119.52
119.99
120.34
120.50
122.94
125.59
127.78
129.82
130.73
131.32
132.26
133.22
134.33
135.06
135.65
136.59
137.23
138.12
139.47
140.21
141.07
142.22
143.01
143.67
144.72
145.43
146.12
147.13
147.80
148.36
149.66
150.20
150.84
152.42
153.83
155.45
157.58
159.08
160.69
162.57
164.26
165.45
166.73
168.00
169.19