3.65
7.59
9.68
11.62
13.61
15.59
17.66
19.55
21.54
23.59
27.54
31.57
32.00
33.04
33.58
34.06
35.05
35.26
35.54
36.56
37.56
38.07
38.55
39.08
39.57
40.05
41.10
41.23
41.53
42.06
43.03
43.26
43.54
44.03
44.63
45.05
45.17
45.50
46.06
47.01
47.48
48.05
48.25
48.53
49.09
49.62
50.09
50.29
50.55
51.59
52.09
52.58
53.58
54.09
54.57
55.54
56.04
56.58
57.06
57.57
57.76
58.08
58.36
59.07
59.28
59.54
60.05
60.53
61.05
61.29
61.58
62.09
62.33
62.59
63.56
65.57
66.64
67.58
68.05
68.53
69.03
69.54
70.05
70.57
71.03
71.25
71.56
72.07
72.53
73.12
73.60
74.06
74.56
75.07
75.58
76.07
76.56
77.09
78.03
78.56
79.08
79.27
79.55
83.58
85.54
86.03
86.52
87.55
88.08
89.11
89.34
89.62
90.06
91.05
91.23
91.56
92.07
93.08
93.56
93.73
94.05
95.05
95.23
95.55
96.06
97.13
97.59
98.10
99.02
99.24
99.53
100.04
101.08
101.61
101.80
102.10
103.55
104.10
105.11
105.26
105.57
105.77
106.08
107.04
107.25
107.58
108.04
109.05
109.24
109.52
109.75
110.05
111.04
111.25
111.57
115.58
116.56
117.48
117.79
118.05
118.56
119.57
120.57
121.36
121.77
122.25
122.58
123.53
124.54
125.35
125.77
126.25
126.56
127.55
128.51
129.31
129.96
130.53
131.04