9.53
10.63
11.77
12.49
13.63
15.46
16.23
17.00
17.72
18.11
18.53
19.28
19.96
20.34
20.75
21.13
21.50
22.27
22.63
23.03
23.39
23.78
24.16
24.53
24.89
25.27
25.68
26.02
26.22
26.40
26.60
26.75
27.17
27.57
27.90
28.31
28.64
29.02
29.37
29.73
30.12
30.55
31.29
31.67
32.02
32.33
32.74
33.10
33.53
34.27
34.66
35.00
35.36
35.72
36.11
36.54
36.69
36.88
37.07
37.28
37.63
38.01
38.31
38.42
38.57
38.78
39.16
39.54
42.55
44.13
45.56
47.10
48.63
50.26
51.77
53.35
54.90
56.40
57.85
58.60
59.33
60.12
60.84
61.58
62.36
63.12
64.20
64.78
65.17
65.36
65.75
66.28
66.66
66.85
67.23
67.84
68.15
68.35
68.73
69.44
70.24
70.97
71.71
72.12
72.53
73.29
73.96
74.36
74.75
75.08
75.51
76.28
77.06
77.39
77.75
78.14
78.52
78.72
78.90
79.27
79.68
80.04
80.19
80.40
80.57
80.76
81.14
81.57
82.26
82.64
82.98
83.30
83.68
84.11
84.50
84.90
85.24
85.60
85.77
85.97
86.16
86.31
86.71
87.10
87.86
88.29
88.63
89.01
89.39
89.79
90.13
90.56
90.71
90.87
91.07
91.25
91.64
92.02
92.22
92.42
92.60
92.80
93.16
93.56
96.47
99.51
102.53
105.57
108.47
111.48
114.49
117.54
118.20
118.80
119.19
119.35
119.72
120.27
120.67
120.83
121.23
121.77
122.15
122.28
122.71
123.45
123.86
124.26
124.64
125.03
125.39
125.76
126.12
126.48
126.93
127.32
127.65
128.03
128.39
128.72
129.13
129.49
129.92
130.30
130.66
131.01
131.40
131.77
132.18
132.52
132.88
133.25
133.64
134.05
134.42
134.76
135.14
135.55
135.91
136.27
136.64
136.97
137.33
137.74
138.10
138.55
138.89
139.28
140.00
140.36
140.77
141.13
141.50
142.29
142.63
143.01
143.37
143.78
144.14
144.54
144.72
144.89
145.10
145.30
145.66
146.02
146.19
146.37
146.55
146.76
147.17
147.54
147.90
148.26
148.62
149.00
149.40
149.76
150.14
150.52
150.93
151.31
151.65
151.82
152.02
152.18
152.54
152.76
153.17
153.55
153.96
154.30
154.68
155.04
155.41
155.77
156.18
156.58
156.94
157.12
157.30
157.71
158.01
158.19
158.39
158.58
158.80
159.18
159.59
159.89
160.29
160.61
161.02
161.36
161.73
162.09
162.53
163.28
163.64
163.82
164.00
164.18
164.35
164.51
164.73
165.15
165.50
166.29
166.65
167.03
167.39
167.76
168.17
168.53
168.68
168.89
169.06
169.30
169.66
170.04
170.19
170.40
170.60
170.77
171.18
171.58
175.39
181.55
