1.28
2.10
2.94
3.73
4.49
5.28
6.12
6.86
7.70
8.51
9.31
10.09
10.88
11.68
12.46
13.31
14.09
14.88
15.72
16.51
17.32
18.12
18.91
19.70
20.54
21.30
22.12
22.91
23.70
24.51
25.32
26.06
26.90
27.69
28.43
29.28
30.07
30.86
31.65
32.42
33.27
34.06
34.88
35.64
36.46
37.28
38.09
38.86
39.74
40.44
41.25
42.06
42.88
43.64
44.50
45.27
46.11
46.85
47.65
48.44
49.27
50.06
50.87
51.69
52.50
52.90
53.29
53.68
54.08
54.47
54.90
55.31
55.72
56.10
56.48
56.89
57.30
57.68
58.08
58.49
58.90
59.26
59.69
60.07
60.51
60.88
61.27
61.67
62.09
62.48
62.84
63.25
63.67
64.08
64.48
64.86
65.27
65.68
66.06
66.49
66.85
67.28
67.69
68.07
68.50
68.88
69.07
69.27
69.65
70.08
70.46
70.89
71.27
71.66
72.04
72.48
72.85
73.27
73.65
74.04
74.47
74.90
75.28
75.66
76.07
76.24
76.45
76.86
77.29
77.47
77.69
77.88
78.08
78.24
78.46
78.65
78.84
79.05
79.25
79.42
79.66
80.45
80.63
80.86
81.04
81.26
81.44
81.64
81.83
82.05
82.23
82.44
82.64
82.85
83.68
83.88
84.07
84.27
84.47
84.67
84.83
85.05
85.24
85.47
85.67
85.84
86.08
86.87
87.03
87.25
87.43
87.66
87.84
88.06
88.25
88.44
88.65
88.87
89.04
89.27
90.08
90.96
91.71
92.54
93.29
94.13
94.91
95.74
96.53
96.85
97.01
97.27
97.44
97.64
97.85
98.02
98.23
98.45
98.62
98.84
99.63
99.81
100.04
100.24
100.45
100.65
100.86
101.05
101.24
101.44
101.65
101.82
102.03
102.86
103.68
104.42
105.23
106.08
106.89
107.68
108.47
109.26
110.05
110.84
111.68
112.47
113.26
114.04
114.87
115.71
116.49
117.26
118.10
118.89
119.70
120.51
121.30
122.07
122.86
123.65
124.45
125.26
126.07
126.89
127.70
128.49
129.28
129.70
130.09
130.51
130.91
131.30
131.68
132.11
132.49
132.90
133.31
133.71
134.12
134.50
134.91
135.31
135.72
136.08
136.46
136.89
137.30
137.71
138.07
138.50
138.91
139.30
139.70
140.09
140.49
140.86
141.26
141.69
142.07
142.48
142.88
143.29
143.70
144.10
144.51
144.89
145.32
145.72
146.09
146.47
146.85
147.26
147.67
148.07
148.47
148.87
149.26
149.65
150.07
150.48
150.86
151.27
151.70
152.08
152.44
152.89
153.07
153.25
153.68
154.09
154.25
154.47
154.66
154.88
155.06
155.26
155.47
155.67
155.88
156.08
156.26
156.48
157.27
157.45
157.66
157.86
158.07
158.27
158.45
158.67
158.86
159.06
159.27
159.44
159.70
160.48
160.68
160.89
161.08
161.27
161.47
161.66
161.87
162.06
162.26
162.47
162.64
162.85
163.70
163.87
164.10
164.26
164.46
164.66
164.84
165.02
165.22
165.41
165.65
165.80
166.06
166.91
167.74
168.33
168.91
169.98
170.70
171.49
172.23
173.29
174.07
174.46
174.67
174.86
175.06
175.26
175.44
175.65
176.44
176.66
176.87
177.06
177.27
177.48
177.70
177.88
178.09
178.27
178.47
178.64
178.87
179.66
