3.68
4.49
5.28
6.05
6.91
7.70
8.51
9.28
10.10
10.89
11.70
12.47
13.28
14.07
14.88
15.67
16.49
17.25
18.07
18.88
19.67
20.43
21.26
22.05
22.86
23.67
24.46
25.30
26.06
26.90
27.69
28.49
29.30
30.07
30.86
31.65
32.46
33.27
34.06
34.88
35.67
36.46
37.27
38.06
38.86
39.69
40.46
41.27
42.09
42.85
43.69
44.45
45.24
46.07
46.86
47.65
48.48
49.25
50.09
50.87
51.71
52.50
53.27
54.08
54.88
57.27
58.85
60.48
62.06
63.66
65.27
66.90
67.64
68.50
70.08
71.67
73.29
74.90
76.47
78.10
79.69
80.50
81.29
81.83
82.28
82.47
82.85
83.49
84.09
84.50
85.09
85.52
85.73
86.05
86.87
87.71
88.29
88.70
88.91
89.27
89.87
90.44
90.85
91.48
91.89
92.11
92.45
93.26
94.12
94.84
95.68
96.29
97.31
97.67
98.06
98.87
99.68
100.54
101.26
102.12
102.89
103.71
104.50
105.28
106.08
109.33
110.89
111.25
111.63
112.47
113.29
114.08
114.86
115.68
116.47
117.28
118.07
118.91
119.68
120.49
121.31
122.09
122.89
123.68
124.49
125.31
126.12
126.91
127.70
128.52
129.31
130.07
130.89
131.70
132.49
133.26
134.07
134.84
135.67
136.49
137.28
138.10
138.88
139.67
140.47
141.26
142.09
142.88
143.65
144.53
145.28
146.11
146.90
147.73
148.47
149.28
150.09
150.88
151.65
152.51
153.27
154.06
154.88
155.67
156.48
157.27
158.12
158.91
159.70
160.52
161.26
162.89
164.49
166.08
167.75
169.26
170.89
172.50
173.26
186.07
186.89
187.50
188.08
188.49
189.13
189.68
190.07
190.68
191.26
191.68
192.47
193.24
193.84
194.48
194.84
195.50
196.08
196.49
197.02
197.46
197.64
198.04
198.81
199.68
200.11
200.49
201.26
202.09
202.91
203.67
204.51
205.33
206.15
206.91
207.73
208.49
209.25
210.01
210.80
211.63
212.46
213.28
214.04
214.90
215.67
216.41
217.20
218.07
218.84
219.65
220.44
221.30
222.06
222.85
223.64
224.46