13.31
14.12
15.39
15.67
16.51
17.40
18.47
18.85
19.73
20.49
21.66
22.09
22.96
23.70
24.87
25.27
26.09
26.90
28.07
28.49
29.33
30.09
31.29
31.67
32.53
33.27
34.45
34.85
35.72
36.51
37.69
38.12
38.95
39.72
40.87
41.25
42.13
42.90
44.09
44.51
45.35
46.16
47.29
47.69
48.55
49.32
50.45
50.87
51.71
52.50
53.67
54.06
54.90
55.67
56.89
57.30
58.11
58.92
60.09
60.48
61.30
62.11
63.29
63.67
64.53
65.29
66.65
66.97
67.74
68.55
69.68
70.11
70.89
71.70
72.84
73.28
74.09
74.88
76.06
76.46
77.30
78.11
78.90
79.73
80.54
81.30
82.09
82.91
83.74
84.49
85.30
86.09
86.90
87.28
87.67
87.88
88.07
88.24
88.48
90.14
90.85
92.08
92.44
93.25
94.06
95.26
95.64
96.49
97.28
98.46
98.88
99.67
100.51
101.70
102.11
102.90
103.67
104.90
105.29
106.09
106.90
108.10
108.46
109.32
110.09
111.28
111.71
112.51
113.29
114.50
114.87
115.72
116.48
117.60
118.03
118.90
119.69
120.86
121.24
122.08
122.85
124.06
124.46
125.27
126.08
127.28
127.66
128.48
129.20
130.41
130.87
131.68
132.47
133.68
134.06
134.90
135.69
136.90
137.31
138.11
138.90
140.09
140.48
141.27
142.08
143.33
143.69
144.52
144.50
145.33
146.46
146.87
147.68
148.49
149.69
150.07
150.88
151.70
152.88
153.29
154.08
154.91
156.11
156.47
157.30
158.09
159.27
159.65
160.48
161.29
162.50
162.89
163.68
165.77
166.14
166.95
167.69
168.94
169.32
170.17
170.90
172.09
172.49
173.35
174.11
175.31
175.69
176.51
177.30
178.49
178.90
179.72
180.50
181.30
182.16
182.93
183.69
184.53
185.32
186.11
186.87
187.69
188.48
189.29
189.63
189.82
190.08
190.26
190.52
190.87
192.53
193.27
194.44
194.87
195.66
196.48
197.69
198.03
198.88
199.67
200.85
201.27
202.08
202.90
204.07
204.47
205.31
206.10
207.28
207.69
208.48
209.27
210.47
210.87
211.66
212.50
213.69
214.05
214.87
215.71
216.89
217.29
218.11
218.89
220.07
220.47
221.31
222.11
223.29
223.65
224.53
225.29
226.49
226.89
227.71
228.52
229.72
230.07
230.92
231.70
232.87
233.28
234.15
234.89
236.11
236.47
237.34
238.10
239.29
239.70
240.50
241.29
242.46
242.89