1.28
2.79
4.54
6.07
7.35
10.88
12.52
14.18
14.50
14.86
15.72
16.13
16.49
17.32
17.68
18.04
18.91
19.28
19.64
20.47
20.84
21.26
22.12
22.48
22.91
23.74
24.10
24.46
25.33
25.70
26.11
26.90
27.30
27.70
28.51
28.90
29.27
30.14
30.50
30.86
31.72
32.08
32.48
33.36
33.73
34.12
34.91
35.28
35.64
36.51
36.88
37.24
38.09
38.46
38.86
39.76
40.12
40.53
41.25
41.68
42.09
42.90
43.32
43.72
44.50
44.92
45.33
46.08
46.47
46.88
47.72
48.10
48.48
49.32
49.68
50.09
50.90
51.26
51.72
52.45
52.91
53.30
54.09
54.46
54.87
55.69
56.10
56.51
57.30
57.72
58.13
58.92
59.28
59.71
60.50
60.91
61.32
62.11
62.46
62.93
63.69
64.08
64.51
65.34
66.17
67.73
69.36
70.91
72.52
74.12
75.70
77.28
78.88
80.49
82.12
83.72
85.33
86.96
88.51
90.09
90.93
91.77
92.54
94.12
95.70
97.28
98.96
100.50
102.23
103.13
103.69
105.29
106.93
108.34
109.39
110.12
110.83
111.29
111.72
112.15
112.55
112.94
113.34
113.49
113.72
113.96
114.17
114.40
114.60
114.78
114.96
115.65
116.49
116.97
117.31
118.10
118.46
118.84
119.68
120.06
120.49
121.32
121.71
122.07
122.91
123.29
123.70
124.49
124.89
125.28
126.10
126.50
126.89
127.70
128.10
128.49
129.32
130.14
130.93
131.29
131.72
132.49
132.89
133.28
134.10
134.52
134.88
135.74
136.10
136.49
137.35
137.71
138.11
138.93
139.28
139.67
140.52
140.90
141.33
142.12
142.93
143.72
144.10
144.46
145.28
145.71
146.07
146.92
147.28
147.67
148.51
148.89
149.25
150.09
150.47
150.88
151.70
152.06
152.49
153.30
153.66
154.03
154.90
155.26
155.69
156.56
156.92
157.29
158.08
158.50
158.91
159.76
160.12
160.51
161.37
161.73
162.09
162.90
163.26
163.69
164.54
164.92
165.29
166.08
166.44
166.89
167.74
168.10
168.53
169.27
169.65
170.09
170.90
171.26
171.69
172.48
172.91
173.27
174.01
174.44
174.87
175.66
176.09
176.51
177.30
177.68
178.11
178.92
179.28
179.71
180.50
180.88
181.29
182.03
182.46
182.89
183.69
184.12
184.48
185.30
185.72
186.15
186.94
187.33
187.69
188.55
188.93
189.34
190.14
190.52
190.87
191.72
192.09
192.51
193.32
194.11
194.92
195.70
197.35
198.88
200.52
202.09
203.70
205.32
206.73
208.49
210.12
211.72
213.30
214.89
216.47
218.09
218.91
220.53
222.12
223.70
225.30
226.93
228.54
229.33
230.17
230.93
231.75
232.56
234.14
234.93
236.56
238.12
238.52
238.93
239.30
239.72
240.11
240.54
240.97
241.35
241.78
241.99
242.14
242.35
242.57
242.72
242.97
243.11
243.33
243.51
243.72
244.53
244.87
245.27
246.11
246.47
246.87
247.72
248.07
248.45
249.32
249.67
250.06
250.93
251.26
251.72
252.53
252.94
253.32
254.14
254.51
254.92
255.66
256.05
256.45
257.27
257.65
258.29
258.93
259.31
259.63
260.46
260.86
261.32
262.19
262.51
262.92
263.72
264.13
264.51
265.32
265.73
266.09
266.90
267.31
267.69
268.50
268.91
269.32
270.13
270.51
270.92
271.69
272.07
272.53
273.29
273.69
274.13
274.88
275.28
275.67
276.55
276.93
277.27
278.19
278.54
278.87
279.66
280.07
280.50
281.31
281.69
282.05
282.92
283.27
283.71
284.48
284.86
285.27
286.15
286.56
286.89
287.71
288.11
288.50
289.31
289.72
290.10
290.86
291.27
291.68
292.48
292.87
293.27
294.08
295.76