3.83
4.98
6.58
8.08
9.81
11.22
13.00
14.57
16.29
17.04
17.43
18.63
19.45
20.24
20.60
20.77
21.84
22.65
23.49
23.88
25.02
25.81
26.66
26.85
27.04
28.27
29.06
29.83
30.23
31.40
32.23
33.04
33.43
33.58
34.60
35.46
36.25
36.69
37.80
38.64
39.40
39.61
39.83
41.01
41.83
42.64
44.20
45.82
47.38
49.02
50.64
52.20
53.82
54.65
55.44
56.18
57.06
57.81
58.63
59.41
60.23
61.02
61.79
62.58
63.39
64.20
64.59
64.99
65.38
65.85
66.21
66.36
67.47
68.23
68.64
69.82
70.67
71.46
71.82
73.02
73.85
74.59
74.98
76.22
77.03
77.86
78.23
79.46
80.22
81.01
81.39
82.62
83.43
84.22
84.56
85.86
86.65
87.43
87.82
89.06
89.87
90.66
91.02
92.26
93.03
93.84
95.46
96.25
97.04
97.42
98.64
99.45
100.22
101.03
101.84
102.66
103.44
103.80
104.98
105.82
106.64
108.24
109.03
109.82
110.20
111.44
112.25
113.02
114.66
115.40
115.77
117.86
118.63
125.00
127.42
128.26
129.06
129.81
130.60
131.42
132.28
133.03
133.86
134.65
135.44
135.80
136.19
137.02
137.83
138.68
139.45
140.24
141.03
141.82
142.20
143.42
144.25
145.06
145.40
146.66
147.45
148.26
148.62
149.82
150.18
151.46
153.00
154.55
156.24
157.86
159.44
161.02
162.66
163.45
164.23
165.05
165.84
166.70
167.46
168.25
168.99
169.81
170.64
171.43
172.23
173.05
173.42
173.81
174.18
174.59
175.00
176.20
177.06
177.42
178.64
179.47
180.22
180.60
181.82
182.60
183.39
183.74
185.09
185.81
186.64
186.96
188.22
189.03
189.83
190.21
191.44
191.80
192.42
193.06
193.38
194.69
195.49
196.24
196.60
197.88
198.65
199.41
199.76
201.06
201.83
202.57
203.26
204.20
205.07
205.39
205.84
207.46
208.25
209.06
209.39
210.66
211.48
212.24
212.60
213.84
214.67
215.43
215.81
217.04
217.85
218.69
219.07
220.26
221.09
221.86
222.20
223.46
224.27
225.01
225.41
226.66
227.47
228.29
229.87
230.69
231.46
231.80
233.06
233.87
234.66
235.02
236.26
237.08
237.84
238.23
239.44