6.40
7.83
9.30
10.81
12.26
13.79
15.27
16.80
18.30
19.77
21.30
22.78
24.31
25.81
27.32
29.05
30.31
31.76
33.27
34.78
36.33
37.18
38.60
40.03
41.55
43.00
44.56
46.06
47.59
49.02
50.55
52.05
53.56
55.05
56.58
58.04
59.56
60.33
60.69
60.88
61.05
61.20
61.39
61.57
61.75
61.96
62.14
62.33
62.54
62.78
62.97
63.14
63.33
63.51
63.69
63.87
64.06
64.25
64.45
64.63
64.81
65.02
65.21
65.38
65.57
65.77
65.96
66.11
66.29
66.49
66.66
66.83
67.05
67.23
67.41
67.56
67.73
67.87
68.07
68.24
68.43
68.60
68.79
68.99
69.14
69.31
69.50
69.67
69.83
70.03
70.23
70.39
70.59
70.75
70.95
71.15
71.31
71.51
71.66
71.82
72.02
72.25
72.45
72.63
72.83
73.02
73.19
73.38
73.57
73.77
73.93
74.13
74.30
74.51
74.70
74.87
75.07
75.26
75.45
75.64
75.81
76.02
76.20
76.39
76.58
76.78
76.96
77.16
77.32
77.52
77.72
77.90
78.10
78.29
78.48
78.65
78.82
79.02
79.20
79.40
79.56
79.76
79.93
80.12
80.32
80.50
80.70
80.86
81.04
81.26
81.44
81.64
81.80
82.02
82.21
82.41
82.59
82.79
82.98
83.17
83.38
83.56
83.73
83.92
84.07
84.28
84.65
87.25
87.63
90.21
90.62
93.26
93.65
96.25
96.63
99.24
99.63
102.25
102.61
105.28
105.64
108.27
109.82
111.33
112.80
114.31
115.79
117.26
118.77
120.29
121.78
123.27
124.77
126.28
127.80
129.29
130.79
132.27
134.58
136.01
137.54
138.99
140.54
142.07
143.56
145.01
146.51
148.09
149.54
150.99
152.54
154.06
155.81
156.28
156.44
156.69
156.87
157.05
157.23
157.38
157.58
157.81
157.99
158.15
158.39
158.56
158.73
158.96
159.14
159.31
159.47
159.67
159.90
160.10
160.26
160.46
160.62
160.80
161.03
161.23
161.40
161.59
161.79
161.97
162.12
162.32
162.47
162.66
162.81
162.99
163.19
163.39
163.57
163.72
163.91
164.06
164.23
164.41
164.62
164.79
164.97
165.13
165.33
165.51
165.69
165.86
166.02
166.24
166.43
166.58
166.78
166.99
167.16
167.35
167.50
167.69
167.88
168.08
168.24
168.44
168.59
168.80
169.02
169.18
169.38
169.55
169.74
169.94
170.12
170.30
170.48
170.68
170.85
171.02
171.19
171.36
171.55
171.77
171.96
172.15
172.34
172.54
172.72
172.94
173.09
173.26
173.43
173.64
173.84
174.01
174.17
174.35
174.52
174.71
174.90
175.09
175.31
175.72
175.86
176.10
176.29
176.51
176.72
176.91
177.08
177.27
177.46
177.66
177.84
178.04
178.22
178.40
178.62
178.81
178.98
179.14
179.36
179.54
179.72
179.90
180.08
180.30
180.66
183.24
183.65
186.22
186.63
189.25
189.63
192.23
192.61
195.26
195.64
198.26
198.65
201.25
201.63
