3.85
6.40
8.03
9.81
11.55
13.20
14.93
16.64
17.48
18.34
19.21
20.05
20.97
22.60
23.49
24.38
25.21
26.06
26.94
27.79
28.62
29.50
30.35
31.23
32.08
32.97
33.76
34.66
35.51
36.36
37.24
38.12
38.52
38.93
39.78
40.61
41.51
42.36
43.21
44.05
44.51
44.97
45.81
46.65
47.54
48.40
49.25
50.13
50.96
51.82
52.69
53.55
54.37
55.25
56.10
56.94
57.36
57.81
58.68
59.51
61.30
62.97
64.63
66.36
68.07
69.78
71.51
72.35
73.21
74.08
74.94
75.79
77.50
78.37
79.23
80.07
80.98
81.80
82.23
82.69
83.09
83.53
83.96
84.37
85.19
85.69
86.10
86.97
87.82
88.68
89.52
90.43
91.25
92.15
93.01
93.88
94.69
95.55
96.42
97.27
98.13
98.98
99.88
100.68
101.54
102.41
103.25
104.08
104.93
105.80
106.68
107.53
108.37
109.22
110.07
110.97
111.80
112.63
113.03
113.49
114.43
116.06
117.82
119.50
121.23
122.94
124.69
126.35
