1.57
2.02
2.47
2.96
3.42
3.81
4.26
4.73
5.18
5.61
6.10
6.52
7.01
7.47
7.91
8.38
8.82
9.28
9.72
10.17
10.58
11.04
11.45
22.51
22.89
23.35
23.80
24.29
24.72
25.16
25.61
26.04
26.46
26.91
27.36
27.85
28.28
28.72
29.21
29.69
30.13
30.58
31.03
31.47
31.95
32.42
32.88
33.31
33.74
34.23
34.68
35.19
35.62
36.04
36.49
36.95
37.38
37.86
38.30
38.75
39.22
39.69
40.16
40.62
41.05
41.53
41.97
42.45
42.89
43.34
43.80
44.26
44.70
45.10
45.56
46.07
46.53
47.01
47.47
47.93
48.33
48.77
49.18
49.69
50.14
50.38
50.65
51.01
51.47
51.91
52.43
52.87
53.35
53.79
54.22
54.71
55.16
55.62
56.05
56.51
56.95
57.43
57.84
58.34
58.78
59.95
60.10
60.23
60.44
61.47
61.64
61.81
61.94
62.19
62.78
63.24
63.41
63.59
63.72
64.03
64.44
65.14
65.31
65.43
65.58
65.83
66.93
67.11
67.23
67.38
67.55
68.00
68.79
68.96
69.11
69.28
69.47
70.55
70.73
70.90
71.03
71.24
71.69
72.48
72.91
73.33
73.78
74.25
74.72
75.19
75.64
76.07
76.53
76.94
77.38
77.88
78.32
78.80
79.24
79.69
80.13
80.63
81.06
81.50
81.99
82.44
82.91
83.34
83.81
84.20
84.64
85.12
85.66
86.11
86.56
87.03
87.39
87.86
88.31
88.80
89.25
89.70
90.12
90.57
91.06
91.53
91.97
92.43
92.91
93.34
93.77
94.26
94.71
95.18
95.63
96.07
96.48
96.97
97.44
97.91
98.34
98.78
99.18
99.69
100.15
100.61
101.04
101.49
102.41
102.88
103.07
103.63
103.77
103.97
104.33
104.48
104.63
104.93
105.29
105.44
105.73
106.08
106.44
106.79
107.21
107.38
107.51
107.91
108.09
108.25
108.51
108.86
109.04
109.24
109.67
110.00
110.28
110.71
110.85
111.00
111.15
111.35
111.58
111.92
112.14
112.30
112.70
113.31
113.46
113.62
113.80
114.06
114.38
114.57
114.72
114.92
115.25
115.40
115.55
115.74
115.94
116.45
116.96
117.47
117.90
118.36
118.84
119.26
119.69
120.16
120.60
121.08
121.50
121.97
122.40
122.91
123.33
123.83
124.25
124.73
125.19
125.67
126.11
126.51
126.94
127.41
127.88
128.31
128.78
129.21
129.72
130.16
130.57
131.04
131.25
131.55
131.98
132.42
132.90
133.31
133.77
134.23
134.69
135.20
135.63
136.06
136.52
136.99
137.44
137.87
138.33
138.81
139.27
139.73
140.19
140.60
141.08
141.54
141.98
142.41
142.88
143.35
143.80
144.27
144.73
145.18
145.65
146.08
148.12
148.78
149.21
149.70
150.18
150.64
151.07
151.52
151.96
152.42
152.85
153.33
153.77
153.97
154.25
154.68
155.14
155.55
156.04
156.51
156.96
157.41
157.90
158.36
158.86
159.27
159.73
160.19
160.65
161.10
161.29
161.52
161.97
162.12
162.40
162.84
163.34
163.83
164.26
164.75
165.18
165.62
166.05
166.51
166.99
167.43
167.86
168.34
168.75
169.25
169.69
170.14
170.61
171.02
171.50
171.93
172.38
172.87
173.28
173.72
174.15
174.68
175.17
175.62
176.05
176.49
176.99
177.41
177.89
178.35
178.81
179.23
179.68
180.16
180.64
181.08
181.53
181.99
182.43
182.92
183.34
183.80
184.22
184.71
185.14
185.61
186.02
186.50
186.99
187.42
187.87
188.34
188.77
189.25
189.47
189.74
189.94
190.19
190.40
190.60
190.83
191.09