9.28
9.56
9.91
10.47
10.79
11.17
11.83
12.16
12.49
12.82
13.15
13.48
13.84
14.18
14.55
14.86
15.19
15.55
15.91
16.21
16.54
17.17
17.53
17.84
18.17
18.51
19.21
19.85
20.18
20.51
20.86
21.18
21.52
22.50
22.84
23.19
23.52
23.87
24.21
25.19
25.53
25.83
26.22
26.53
27.88
28.56
28.87
29.18
30.52
30.86
31.21
31.64
31.93
32.51
33.17
33.83
34.17
34.49
35.16
35.54
35.90
36.49
37.22
37.93
38.65
39.33
39.72
40.05
40.81
41.48
41.78
42.17
42.52
42.90
43.62
44.35
44.66
45.01
45.37
45.73
46.50
47.16
47.54
47.91
48.83
49.27
49.62
49.96
50.29
50.67
51.03
51.39
51.77
52.13
52.48
52.84
53.12
53.45
53.84
54.27
54.65
55.03
55.39
55.72
56.10
56.45
56.76
57.10
57.42
57.75
58.06
58.44
58.77
59.18
59.43
59.81
60.20
60.53
60.88
61.29
61.60
61.99
62.33
62.69
63.05
63.40
63.74
64.08
64.46
64.81
65.17
65.49
65.85
66.23
66.59
66.94
67.28
67.64
68.00
68.35
68.68
69.03
69.35
69.71
70.05
70.44
70.80
71.15
71.87
72.17
72.53
72.85
73.83
74.16
74.51
74.81
75.17
75.53
76.50
76.86
77.18
77.50
77.86
78.48
79.20
79.55
79.87
80.19
80.50
81.14
81.85
82.19
82.92
83.38
83.75
84.04
84.99
85.32
85.60
85.88
86.20
86.63
86.97
87.18
87.40
87.74
88.25
88.42
88.80
89.11
89.79
90.11
90.38
90.62
90.98
91.41
92.17
93.09
93.82
94.63
95.43
96.27
97.11
98.13
98.94
99.68
100.50
101.39
102.05
102.79
103.63
104.34
105.15
105.92
106.79
107.65
108.60
109.24
109.64
109.99
110.31
110.82
111.68
112.06
112.40
112.77
113.10
113.49
113.81
114.13
114.53
115.17
115.55
115.91
116.29
116.65
116.95
117.33
117.86
118.40
119.10
119.48
119.83
120.19
120.85
121.23
121.57
121.92
122.28
122.64
123.01
123.65
124.34
124.92
125.43
126.48
126.89
127.25
127.65
127.95
128.27
128.65
129.18
129.70
130.04
130.60
131.47
135.87
137.23
138.63
140.09
141.35
142.91
143.46
143.82
144.23
144.59
144.95
145.33
145.74
146.09
146.40
146.73
147.06
147.37
147.70
148.05
148.36
149.48
149.84
150.20
150.58
150.88
151.24
151.57
151.93
152.28
152.67
152.97
153.32
153.68
154.04
154.38
154.70
155.11
155.47
155.83
156.15
156.51
156.90
157.50
157.84
158.20
158.93
159.34
159.72
160.38
160.74
161.12
161.76
162.12
162.52
163.21
163.57
163.94
164.61
164.97
165.35
166.03
166.42
166.75
167.06
167.42
167.78
168.12
168.48
168.82
169.22
169.55
169.94
170.26
170.64
171.03
171.36
171.69
172.03
172.45
173.09
173.81
174.47
175.25
175.87
176.27
176.66
177.34
178.00
178.68
180.15
180.88
181.58
182.29
182.95
183.64
184.40
185.10
185.81
186.47
187.30
187.59
187.94
188.65
189.37
189.71
190.03
190.82
191.18
191.41
191.76
192.12
192.84
193.21
193.62
194.23
194.62
195.00
195.74
196.39
196.75
197.11
197.47
197.83
198.50
198.89
199.23
