3.39
4.24
5.05
5.94
6.78
7.60
8.44
9.18
10.02
10.86
11.30
11.73
12.59
13.37
14.20
14.65
15.06
15.87
16.31
17.53
17.96
18.37
19.21
19.64
20.90
21.30
21.76
22.57
23.36
24.21
25.02
25.86
26.66
27.54
28.36
29.18
30.07
30.88
31.74
32.59
33.38
34.17
35.05
35.85
36.64
37.50
38.35
39.18
40.03
40.84
41.73
42.55
43.34
44.20
45.02
45.86
46.70
47.57
48.40
50.85
51.69
52.56
53.37
54.22
54.59
55.03
55.89
56.71
57.10
57.49
57.93
58.39
59.23
60.00
60.43
60.84
61.29
61.71
62.54
63.38
63.87
64.19
64.61
65.02
65.88
66.70
67.08
67.51
67.94
68.37
69.18
69.63
70.01
70.46
70.84
71.29
71.74
72.55
72.91
73.36
74.15
74.57
75.02
75.86
76.71
77.58
77.98
78.37
79.18
79.61
80.02
80.83
81.29
82.54
82.96
84.14
84.63
85.05
85.88
86.29
87.48
87.91
88.35
89.23
89.62
90.38
90.85
91.30
91.75
92.62
95.05
95.91
96.70
97.55
98.41
101.75
102.54
103.38
104.19
105.06
105.87
106.51
106.94
107.28
107.71
108.34
109.20
109.46
109.80
110.20
110.59
110.99
111.19
111.37
111.68
112.08
112.50
112.93
113.42
113.74
114.21
114.58
114.81
115.07
118.38
118.76
119.22
119.59
119.78
120.11
120.49
120.89
121.30
121.72
122.10
122.55
122.94
123.14
123.39
123.77
124.19
124.60
125.03
125.46
125.90
126.28
126.46
126.69
127.07
127.29
127.52
127.93
128.38
128.78
129.23
129.64
130.09
130.48
130.89
131.30
131.73
132.16
132.56
132.97
133.39
133.79
134.18
134.63
135.06
135.47
135.60
135.87
136.29
136.70
137.13
137.56
138.00
138.40
138.58
138.76
138.98
139.22
139.62
139.81
140.05
140.47
140.88
141.33
141.76
142.52
143.35
144.18
144.38
144.61
144.80
145.06
145.87
147.52
149.26
151.70
153.33
155.04
156.69
158.39
160.15
161.73
163.39
165.07
166.70
168.33
170.09
171.13
171.72
172.51
172.71
172.92
173.37
173.84
174.01
174.18
174.57
175.03
175.44
175.89
176.27
176.43
176.94
177.32
177.48
177.68
177.83
178.36
178.77
179.21
179.59
180.18
180.58
180.76
180.90
181.29
181.68
182.33
182.65
182.85
183.31
183.93
184.23
184.63
185.06
185.89
186.70
187.54
188.37
189.22
189.63
190.08
190.46
190.87
191.29
191.69
192.12
192.55
192.98
193.14
193.36
193.78
194.15
194.57
195.02
195.48
195.87
196.28
196.73
197.14
197.31
197.50
197.95
198.37
199.23
200.04
200.19
200.45
200.85
201.27
201.75
202.57
202.72
202.92
203.13
203.36
203.74
204.20
204.63
205.06
205.58
205.88
206.63
207.10
207.51
207.95
208.10
208.35
209.21
210.02
210.87
211.05
211.35
211.49
211.73
221.95
