3.04
3.32
3.68
4.03
4.31
4.64
4.92
5.28
5.63
5.94
6.27
6.58
6.86
7.16
7.52
7.85
8.21
8.36
8.57
8.87
9.23
9.53
9.85
10.17
10.53
10.68
10.83
11.19
11.54
11.85
12.20
12.49
12.82
13.15
13.28
13.46
13.79
14.16
14.45
14.76
15.12
15.42
15.74
15.88
16.06
16.40
16.76
17.10
17.40
17.74
18.02
18.38
18.51
18.68
19.04
19.37
19.73
20.05
20.39
20.74
21.03
21.20
21.35
21.65
22.01
22.35
22.67
22.99
23.36
23.67
23.80
24.00
24.31
24.66
25.00
25.32
25.66
25.99
26.32
26.64
26.96
27.30
27.62
27.92
28.20
28.54
28.87
29.20
29.56
29.91
30.20
30.55
30.82
31.16
31.50
31.87
32.18
32.51
32.84
33.17
33.48
33.79
34.06
34.45
34.77
35.13
35.45
35.77
36.10
36.43
36.77
37.12
37.45
37.76
38.07
38.42
38.75
39.08
39.39
39.72
40.03
40.40
40.74
41.04
41.35
41.68
42.02
42.36
42.68
42.98
43.31
43.64
43.97
44.33
44.66
45.01
45.35
45.65
46.01
46.31
46.60
46.93
47.26
47.61
47.93
48.25
48.59
48.91
49.53
49.85
50.21
50.85
51.19
51.54
51.87
52.20
52.51
52.84
53.16
53.50
53.84
54.16
54.82
55.16
55.48
55.76
56.10
56.42
56.74
57.09
57.42
57.76
58.11
58.44
58.77
59.08
59.43
59.74
60.07
60.41
60.73
61.03
61.37
61.70
62.03
62.37
62.69
63.01
63.33
63.67
63.99
64.32
64.66
65.32
65.65
65.96
66.29
66.62
66.92
67.49
67.87
68.22
68.58
69.04
69.54
70.11
70.80
71.15
71.48
71.82
72.14
72.48
72.85
73.17
73.49
73.80
74.15
74.47
74.81
75.15
75.48
75.81
76.14
76.45
76.94
77.37
78.01
78.37
78.69
79.08
79.55
79.97
80.53
80.96
81.26
81.59
81.91
82.28
82.59
82.94
83.32
83.62
83.96
84.28
84.65
84.96
85.32
85.65
85.97
86.29
86.61
86.95
87.27
87.56
87.71
87.89
88.04
88.27
88.60
88.91
89.06
89.21
89.36
89.52
89.87
90.21
90.53
90.87
91.17
91.51
91.86
92.17
92.83
93.16
93.52
93.86
94.16
94.51
94.84
95.14
95.48
95.78
96.17
96.47
96.80
97.13
97.44
97.77
98.13
98.43
98.77
99.09
99.38
99.71
100.03
100.37
100.68
100.96
101.33
101.67
102.01
102.35
102.74
103.04
103.35
103.65
104.01
104.34
104.65
104.98
105.31
105.64
105.95
106.28
106.61
106.92
107.24
107.55
107.90
108.17
108.52
108.83
109.20
109.54
109.90
110.20
110.53
110.86
111.17
111.53
111.89
112.21
112.52
112.67
112.87
113.02
113.19
113.64
114.13
114.68
115.09
115.43
115.65
115.79
116.26
116.75
117.37
117.74
118.07
118.41
118.74
119.07
119.40
119.72
120.06
120.42
120.72
121.03
121.36
121.70
122.04
122.38
122.71
122.86
123.04
123.17
123.34
123.65
124.13
124.58
125.20
125.33
125.52
125.71
125.95
126.28
126.71
127.22
127.80
128.19
128.49
128.78
129.13
129.46
129.81
130.22
130.55
130.88
131.19
131.52
131.67
131.85
132.18
132.52
132.85
133.18
133.54
133.86
134.14
134.52
139.37
139.70
140.05
140.36
140.69
140.99
141.31
141.66
142.01
142.35
142.71
142.99
143.34
143.65
144.00
144.31
144.44
144.67
144.97
145.46
145.68
145.84
146.12
146.30
146.49
146.66
146.96
147.28
147.60
148.11
148.26
148.43
148.77
148.97
149.13
149.30
149.48
149.78
150.16
150.50
150.88
151.23
151.57
151.90
152.23
152.53
152.85
153.19
153.51
153.86
154.19
154.52
154.83
155.13
155.43
155.75
156.11
156.43
156.79
157.14
157.45
157.78
158.09
158.44
158.75
159.10
159.39
159.76
159.89
160.08
160.40
160.74
161.04
161.38
161.73
162.02
162.32
162.66
163.00
163.34
163.64
163.98
164.30
164.62
164.94
165.63
165.96
166.31
166.60
166.95
167.26
167.59
167.90
168.28
168.57
168.89
169.23
169.58
169.88
170.21
170.55
170.88
171.19
171.51
171.84
172.20
172.54
172.86
173.20
173.50
173.81
174.18
174.50
174.82
175.12
175.48
175.82
176.15
176.46
176.81
177.12
177.47
177.78
178.11
178.41
178.77
179.05
179.41
179.72
180.09
180.22
180.41
180.56
180.76
180.92
181.05
181.22
181.39
181.56
181.68
183.93
186.62
189.22
191.89
193.17
194.34
195.71
196.45
196.75
197.07
197.58
198.03
198.61
198.77
199.02
199.35
199.71
200.20
200.68
201.29
201.65
202.03
202.34
202.70
203.00
203.33
203.69
204.01
204.32
204.65
205.01
205.29
205.45
205.65
205.95
206.29
206.61
206.92
207.25
207.55
207.91
208.25
208.57
208.91
209.27
209.62
209.95
210.23
210.57
210.92
211.22
211.53
211.86
212.20
212.52
212.83
213.16
213.52
213.84
214.13
214.51
214.84
215.14
215.46
215.97
216.44
216.98
217.55
218.08
218.72
219.07
219.23
219.64
220.01
220.37
220.71
221.05
221.56
221.72
221.90
222.23
222.38
222.56
222.91
223.05
223.40
223.70
224.17
224.34
224.53
224.85
225.00
225.19
225.49
225.66
225.98
226.28
226.77
226.96
227.15
227.45
227.60
227.75
228.09
228.26
228.62
228.95