8.59
9.66
10.00
10.40
10.75
11.11
11.28
11.54
11.94
12.33
12.72
13.03
13.28
13.54
13.97
14.40
14.83
15.12
15.35
15.63
16.06
16.49
16.92
17.30
17.53
17.81
18.32
18.83
19.39
19.92
20.47
20.94
21.46
21.99
22.50
23.03
23.52
24.08
24.61
25.10
25.61
26.15
26.64
27.16
27.67
28.20
28.75
29.27
29.78
30.31
30.82
31.37
31.87
32.40
32.95
33.47
33.99
34.53
35.05
35.54
36.07
36.58
37.07
37.60
38.12
38.72
39.23
39.74
40.25
40.74
41.22
41.66
42.21
42.77
43.36
43.90
44.38
44.97
45.45
46.01
46.52
47.06
47.57
48.08
48.61
49.12
49.66
49.89
50.14
50.67
50.87
51.18
51.69
52.22
52.76
53.27
53.78
54.33
54.87
55.36
55.89
56.42
56.96
57.45
58.00
58.54
59.00
59.51
60.07
60.56
61.09
61.60
62.14
62.65
63.16
63.72
64.25
64.81
65.29
65.81
66.29
66.82
67.33
67.49
67.84
68.39
68.91
69.37
69.67
69.96
70.37
70.74
71.20
71.53
71.76
72.07
72.48
72.86
73.29
73.68
73.91
74.15
74.54
74.95
75.36
75.66
76.71
77.26
77.82
78.36
78.82
79.35
79.93
80.42
80.93
81.44
81.98
82.49
83.05
83.58
84.04
84.56
85.03
85.29
85.59
86.11
86.63
87.17
87.68
88.19
88.74
89.26
89.79
90.30
90.84
91.37
91.86
92.42
92.93
93.44
93.99
94.52
95.02
95.53
96.06
96.62
97.13
97.64
98.15
98.64
99.20
99.68
100.24
100.77
101.26
101.82
102.33
102.91
103.40
103.91
104.44
104.95
105.47
105.98
106.51
107.00
107.53
108.07
108.26
108.54
109.03
109.26
109.54
110.10
110.65
111.14
111.70
112.19
112.70
113.23
113.74
114.28
114.81
115.37
115.86
116.39
116.90
117.43
117.99
118.48
118.99
119.61
120.11
120.59
121.13
121.66
122.17
122.68
123.17
123.73
124.24
124.73
125.26
125.52
125.82
126.03
126.33
127.34
127.85
128.08
128.38
128.72
128.95
129.38
129.57
129.79
130.23
130.51
130.88
131.34
131.62
132.03
132.34
132.77
133.11
133.56
133.82
134.07
134.50
135.08
135.55
135.83
136.21
136.54
136.97
137.30
137.72
137.94
138.25
138.58
138.83
139.24
139.73
139.96
140.41
140.69
141.12
141.33
141.56
141.94
142.70
143.16
143.57
144.06
144.59
145.12
145.58
146.12
146.66
147.19
147.75
148.24
148.75
149.28
149.63
150.05
150.29
150.80
151.10
151.55
152.15
152.44
152.89
153.38
153.74
154.11
154.42
154.85
155.11
155.52
155.90
156.28
156.64
157.14
157.61
157.91
158.19
158.60
158.99
159.36
159.70
160.74
161.81
162.88
163.90
164.94
165.94
167.01
168.17
168.57
169.09
169.63
170.17
170.66
171.21
171.72
172.26
172.76
173.27
173.80
174.29
174.82
175.33
175.89
176.40
176.96
177.45
177.98
178.47
179.05
179.54
180.05
180.56
181.14
181.63
182.18
182.69
183.21
183.72
184.25
184.74
184.96
185.27
185.76
186.29
186.83
187.36
187.87
188.43
188.94
189.43
189.96
190.46
191.00
191.48
192.06
192.23
192.55
192.78
193.09
193.60
194.11
194.59
195.15
195.43
195.87
196.15
196.56
196.88
197.27
197.50
197.86
198.21
198.52
198.77
199.18
199.51
199.89
200.17
200.48
200.81
201.04
201.27
201.47
201.83
202.16
202.49
202.83
203.23
203.51
203.79
204.17
204.47
204.93
205.24
205.52
205.80
206.11
206.44
206.77
207.10
207.48
207.82
208.25
208.60
209.01
209.40
209.77
210.13
