10.43
12.24
12.69
13.15
13.61
14.07
14.52
14.76
15.01
15.46
15.93
16.40
16.82
17.32
17.48
17.76
18.19
18.38
18.70
19.11
19.30
19.57
19.77
20.07
20.51
20.69
20.99
21.43
21.61
21.94
22.37
22.57
22.83
23.27
23.75
23.93
24.21
24.42
24.67
25.12
25.32
25.63
25.81
26.06
26.25
26.52
26.98
27.13
28.87
29.30
29.78
30.22
30.70
31.08
31.59
32.06
32.51
32.95
33.43
33.87
34.32
34.77
35.26
35.72
36.18
36.66
37.14
37.58
38.06
38.52
38.99
39.44
39.90
40.40
40.84
41.32
41.74
42.21
42.66
43.15
43.62
44.07
44.54
45.01
45.45
45.88
46.35
46.80
47.25
47.72
48.18
48.66
49.12
49.62
50.09
50.54
50.98
51.43
51.90
52.38
52.86
53.29
53.73
54.22
54.62
55.10
55.57
56.05
56.51
56.99
57.45
57.91
58.36
58.83
59.28
59.49
59.77
59.99
60.24
60.69
62.03
62.50
63.00
63.46
63.66
63.91
64.38
64.84
65.32
65.77
66.23
66.72
67.13
67.36
67.60
67.81
68.05
68.28
68.52
68.73
68.99
69.18
69.44
69.63
69.88
70.11
70.36
70.57
70.82
71.02
71.27
71.48
71.71
71.94
72.19
72.38
72.61
72.83
73.06
73.27
73.49
73.70
73.91
74.11
74.32
74.51
74.70
74.92
75.08
75.30
75.48
75.69
75.86
76.07
76.24
76.45
76.65
76.83
78.67
79.16
79.61
80.06
80.55
80.98
81.40
81.91
82.34
82.85
83.32
83.84
84.24
84.67
85.11
85.65
86.10
86.56
87.03
87.50
87.99
88.42
88.85
89.32
89.77
90.21
90.71
91.20
91.38
91.66
91.88
92.09
92.32
92.52
92.73
92.98
93.44
93.92
94.38
94.82
95.31
95.83
96.27
96.72
97.19
97.64
98.10
98.56
99.00
99.43
99.63
99.94
100.11
100.30
100.54
100.83
101.26
101.47
101.77
101.95
102.12
102.35
102.66
103.12
103.58
104.06
104.52
105.00
105.47
105.89
106.38
106.87
107.07
107.35
107.78
108.24
123.09
123.94
124.84
125.77
126.68
127.55
128.51
129.43
130.32
131.27
132.18
133.11
134.07
134.99
135.93
136.39
136.85
137.00
137.17
137.31
137.49
137.79
138.22
138.45
138.68
139.11
139.30
139.60
139.98
140.13
140.49
140.97
141.12
141.43
141.91
142.05
142.20
142.42
142.80
142.95
143.09
143.35
143.72
143.87
144.01
144.25
144.66
144.80
144.95
145.21
145.61
145.76
145.91
146.11
146.51
146.66
146.81
147.04
147.42
147.57
147.70
147.95
148.34
148.51
148.64
148.87
149.30
149.46
149.56
149.79
150.22
150.40
150.52
150.70
151.08
151.23
151.36
151.61
152.03
152.18
152.31
152.51
152.92
153.07
153.21
153.45
153.59
153.76
153.89
154.04
154.24
154.38
154.58
154.75
154.94
155.11
155.26
155.41
155.60
155.79
155.95
156.08
156.28
156.64
156.84
156.97
157.12
157.30
157.45
157.61
157.76
157.91
158.09
158.24
158.44
158.58
158.78
158.93
159.10
159.29
159.49
159.65
159.90
160.36
160.46
160.66
160.81
160.95
161.10
161.25
161.45
161.60
161.74
161.94
162.11
162.27
162.45
162.64
162.78
162.93
163.09
163.28
163.47
163.62
163.82
163.97
164.13
164.33
164.51
164.66
164.84
164.99
165.18
165.35
165.54
165.69
165.84
166.03
166.22
166.42
166.59
166.73
166.91
167.10
167.36
167.76
167.90
168.05
168.25
168.40
168.59
168.74
168.94
169.12
169.27
169.47
169.63
169.81
170.00
170.14
170.34
170.53
170.75
170.90
171.06
171.44
171.60
171.75
171.90
172.09
172.23
172.43
172.63
172.77
172.97
173.15
173.35
173.55
173.71
173.94
174.11
174.31
174.47
174.63
174.82
174.97
175.16
175.33
175.52
175.74
175.93
176.10
176.25
176.46
176.66
176.87
177.02
177.19
177.42
177.60
177.78
177.96
178.13
178.29
178.47
178.64
178.79
178.96
179.26
179.46
179.64
179.84
179.98
180.20
180.38
180.58
180.73
180.92
181.09
181.29
181.48
181.65
182.06
182.52
182.97
183.46
183.84
184.18
184.40
184.84
185.32
185.55
185.76
186.26
186.42
186.72
187.21
187.39
187.81
188.02
188.26
188.51
189.01
189.17
189.47
189.95
190.37
191.01
191.54
191.72
191.99
192.23
192.70
192.89
193.14
193.62
194.06
194.54
195.18
195.34
195.56
195.73
195.99
196.20
196.41
196.63
196.86
