4.01
4.40
5.94
6.71
7.02
8.65
9.49
9.74
11.45
12.00
12.41
13.33
14.02
14.86
15.20
15.99
16.72
17.57
17.84
18.74
19.40
20.28
20.55
22.07
22.78
23.43
24.11
24.78
25.46
26.10
26.74
27.17
27.77
28.79
29.48
30.15
30.78
31.52
32.21
32.48
32.87
33.56
34.23
34.89
35.53
36.26
36.94
37.60
38.28
38.96
39.65
39.88
40.26
42.48
43.60
44.34
44.90
45.38
46.32
46.99
47.32
47.65
48.36
49.02
49.63
50.09
50.42
51.06
51.77
52.05
52.36
53.05
53.77
54.07
54.43
55.09
55.80
56.41
57.14
57.83
58.12
58.47
59.16
59.80
60.53
60.89
61.88
62.50
63.18
63.84
64.53
64.82
65.14
65.89
66.57
67.26
67.87
68.59
69.25
69.94
70.62
71.33
71.95
72.27
72.63
73.32
73.61
73.98
74.57
74.91
75.34
75.95
76.71
77.37
78.03
78.70
79.05
79.41
80.03
80.41
80.81
81.42
81.76
82.08
82.74
83.03
83.38
84.07
84.40
84.76
85.39
85.77
86.11
86.75
87.11
87.50
88.15
88.46
88.80
89.50
89.80
90.16
90.80
91.17
91.53
92.19
92.53
92.91
93.58
93.86
94.19
94.85
95.20
95.54
97.55
98.23
98.80
99.59
99.92
100.28
100.98
101.26
101.60
102.26
102.60
102.95
103.64
103.99
104.65
105.04
105.34
105.65
106.31
106.97
107.71
108.37
109.01
109.54
110.00
110.64
111.03
111.69
112.04
112.37
113.06
113.78
114.42
115.10
115.79
116.40
117.13
117.79
118.46
118.64
118.92
119.14
119.78
120.37
120.73
121.16
121.87
122.57
123.00
123.40
123.89
124.55
125.26
125.56
125.83
126.58
126.90
127.22
127.97
128.20
128.55
129.23
129.54
129.70
129.90
130.57
130.79
131.15
131.55
131.70
131.98
132.26
132.62
132.98
133.34
133.85
134.22
134.35
134.64
135.01
135.33
135.71
136.03
136.50
136.90
137.08
137.38
137.74
138.05
138.43
138.70
139.02
139.38
139.70
140.04
140.36
140.52
140.75
141.46
142.09
142.76
143.42
144.08
144.72
145.42
146.10
146.76
147.45
148.15
148.51
148.81
149.49
150.18
150.86
151.57
152.22
152.87
153.53
154.17
154.87
155.55
156.21
156.92
157.54
158.22
158.92
159.58
160.23
164.32
164.64
164.95
165.62
166.27
166.66
166.99
167.32
167.69
168.36
168.80
169.31
169.68
170.02
170.38
171.04
171.49
172.08
173.05
173.69
174.09
174.73
175.14
175.39
175.75
176.41
176.99
177.40
177.78
178.10
178.48
179.08
179.62
180.08
180.49
180.79
181.20
181.84
182.39
182.88
183.86
184.46
185.25
185.96
186.22
186.55
187.23
187.70
188.15
188.56
188.87
189.25
189.94
190.32
190.82
191.29
191.84
192.41
192.92
193.46
194.06
194.62
195.16
195.72
196.26
196.43
196.62
196.74
196.99
197.37
198.04
198.47
199.01
199.37
199.74
200.05
200.43
200.76
201.12
201.42
201.76
202.06
202.42
202.75
203.08
203.42
203.79
204.13
204.45
204.79
205.11
205.45
205.78
206.11
206.52
207.03
207.44
207.62
207.80
207.90
208.16
208.86
209.32
209.76
210.21
210.87
211.56
211.70
212.02
212.40
212.73
212.92
213.19
213.58
213.93
214.24
214.45
214.71
215.07
215.37
215.54
215.92
216.27
216.82
217.27
217.78
218.27
218.44
218.59
218.92
219.59
220.10
220.51
220.98
221.67
222.01
222.31
222.82
223.16
223.48
223.63
223.99
224.35
224.69
224.99
225.16
225.55
225.88
226.26
226.39
226.67
227.00
227.34
227.71
228.04
228.40
228.73
229.04
229.17
229.37
229.73