3.32
4.13
4.56
5.00
5.20
5.43
5.90
6.12
6.40
6.61
6.88
7.06
7.31
7.55
7.76
8.23
8.46
8.67
9.81
10.10
10.32
10.58
10.76
11.01
11.19
11.47
12.20
12.39
13.58
13.78
14.01
14.25
14.48
14.70
14.93
15.16
15.35
15.85
16.08
17.04
17.25
17.46
17.68
17.94
18.17
18.40
18.62
18.90
21.63
21.78
22.04
22.20
22.48
23.01
23.23
23.49
23.95
24.10
24.38
24.87
25.08
25.33
26.24
26.60
26.90
27.17
27.54
28.08
28.43
28.73
28.99
29.37
29.94
30.24
30.63
30.86
31.74
32.06
32.42
32.69
33.60
33.79
34.12
34.32
34.57
34.98
35.49
35.82
36.15
36.36
36.56
36.79
36.99
37.30
37.80
38.27
38.70
39.16
39.67
40.15
40.59
41.06
41.47
41.73
41.96
42.34
42.83
43.21
43.54
43.79
44.18
44.73
44.99
45.37
45.63
45.96
46.52
46.85
47.12
47.31
47.52
47.95
48.38
48.68
49.02
49.30
49.63
50.21
50.45
50.72
50.92
51.19
51.62
52.12
52.60
53.03
53.50
53.95
54.14
54.39
54.59
54.87
55.31
55.80
56.17
56.48
56.74
57.14
57.62
57.81
58.06
58.29
58.57
58.77
59.05
59.21
59.49
63.20
63.66
64.02
64.53
64.98
65.47
65.91
66.41
66.87
67.30
67.81
68.28
68.71
69.01
69.42
69.60
69.80
70.08
70.50
71.02
71.54
71.97
72.38
72.63
72.91
73.06
73.29
73.80
74.23
74.70
75.17
75.64
75.84
76.12
76.30
76.58
76.78
77.01
77.19
77.45
77.69
77.90
78.41
78.84
79.23
79.81
80.04
80.50
80.76
81.06
81.53
81.80
82.13
82.41
82.59
83.48
83.77
84.11
84.35
84.65
85.01
85.29
85.80
86.26
86.74
87.20
87.68
87.86
88.10
88.32
88.57
88.80
89.04
89.27
89.51
89.75
90.00
90.41
90.87
91.10
91.38
91.56
91.81
92.02
92.47
92.71
93.01
93.37
93.67
94.10
94.61
94.95
95.23
95.48
95.93
96.37
96.76
97.06
97.31
97.79
98.30
98.53
98.74
98.98
99.22
99.66
100.14
100.32
100.55
100.77
101.01
101.46
101.97
102.20
102.41
102.61
102.89
103.32
103.78
104.06
104.44
104.70
105.16
105.62
105.87
106.10
106.32
106.58
106.84
107.07
107.24
107.51
108.62
108.82
109.08
109.46
109.62
109.77
110.03
110.43
110.63
110.84
111.12
111.33
111.58
111.83
112.08
112.27
112.52
112.72
113.02
113.26
113.51
113.72
113.94
114.17
114.38
114.61
114.83
115.07
115.35
115.58
115.81
116.03
116.26
116.44
116.69
116.92
117.20
117.37
117.64
117.82
118.10
118.31
118.56
118.76
119.01
119.22
119.48
119.70
119.93
120.12
120.42
120.65
120.87
121.10
121.31
121.79
122.00
122.25
125.95
129.13
133.31
136.10
136.34
136.54
136.82
137.04
137.21
137.46
137.71
137.96
138.12
138.43
138.62
138.89
139.39
139.83
140.24
140.75
141.20
141.64
142.12
142.57
143.06
143.55
144.01
144.44
144.89
145.33
145.76
146.25
146.98
147.45
147.83
148.13
148.54
149.05
149.54
149.94
150.44
150.91
151.37
151.80
152.28
152.72
153.15
153.43
153.68
154.12
154.60
155.00
155.47
155.92
156.41
156.87
157.09
157.35
157.81
158.24
158.73
159.21
159.37
159.65
159.87
160.12
160.53
161.00
161.48
161.73
161.94
162.40
162.66
162.90
163.34
163.54
163.79
164.30
164.51
164.76
165.20
165.43
165.65
166.12
166.32
166.57
166.95
167.24
167.51
167.93
168.15
168.46
168.81
169.06
169.35
169.81
170.04
170.27
170.70
170.96
171.19
171.67
171.87
172.11
172.51
172.76
173.05
173.52
173.75
173.96
174.42
174.63
174.86
175.39
175.57
175.84
176.30
176.51
176.74
177.17
177.40
177.66
178.11
178.29
178.57
179.05
179.26
179.51
179.85
180.20
180.43
180.88
181.35
181.68
182.03
182.29
182.74
182.93
183.21
183.66
183.84
184.12
184.51
184.71
184.97
185.32
185.55
185.72
185.98
186.36
186.57
186.85
187.28
187.54
187.79
188.30
188.51
188.76
189.20
189.39
189.65
190.11
190.33
190.59
191.05
191.27
191.51
191.99
192.19
192.45
192.83
193.36
193.83
194.06
194.28
194.55
194.77
194.95
195.21
195.64
195.86
196.09
196.52
196.78
197.04
197.50
197.73
197.98
198.33
198.62
198.87
199.31
199.54
199.82
200.25
200.50
200.74
201.17
201.42
201.65
202.13
202.34
202.62
203.07
203.26
203.49
203.94
204.15
204.47
204.86
205.06
205.31