2.62
3.22
3.80
4.39
4.98
5.56
6.12
6.69
7.29
7.88
8.46
9.06
9.64
10.22
10.83
11.45
12.05
12.62
13.15
13.73
14.30
14.91
15.52
16.13
16.70
17.28
17.87
18.47
19.03
19.64
20.24
20.49
20.84
21.41
21.99
22.55
23.16
23.72
24.31
24.94
25.51
26.15
26.75
27.30
27.90
28.51
29.09
29.66
30.27
30.82
31.44
31.78
32.21
32.64
33.17
33.58
34.04
34.53
34.98
35.56
36.13
36.46
36.92
37.28
37.88
38.32
38.75
39.29
39.61
39.78
40.21
42.67
43.79
44.99
46.11
47.29
48.48
49.63
50.24
50.82
51.41
52.00
52.63
53.19
53.78
54.37
55.00
55.54
56.15
56.68
57.32
57.88
58.51
59.64
59.18
59.64
59.90
60.22
60.49
60.74
61.07
61.39
61.66
61.99
62.32
62.59
62.86
63.14
63.46
63.77
64.08
64.35
64.63
64.84
65.12
65.40
65.70
66.08
66.64
67.30
67.49
67.69
67.87
68.49
69.09
69.39
69.68
69.94
70.26
70.52
70.84
71.16
71.44
71.71
71.95
72.20
72.53
72.78
73.19
73.47
73.78
74.08
74.36
74.64
74.93
75.23
75.56
75.87
76.15
76.43
76.75
77.02
77.37
77.93
78.09
78.54
78.75
79.08
79.35
79.67
80.22
80.81
81.40
81.98
82.59
83.17
83.72
84.37
84.64
84.94
85.22
85.52
86.08
86.71
87.28
87.50
87.84
88.50
88.71
89.11
89.36
89.63
89.93
90.23
90.53
90.81
91.10
91.43
91.64
92.00
92.15
92.28
92.62
92.90
93.22
93.47
93.82
94.08
94.37
94.95
95.25
95.53
96.12
96.40
96.73
97.34
97.90
98.49
99.07
99.51
99.94
100.39
100.83
101.41
101.88
102.33
102.77
103.12
103.76
104.16
104.61
104.93
105.26
105.52
105.80
106.08
107.25
107.91
108.52
109.13
109.69
110.28
110.84
111.43
111.99
112.59
113.21
113.77
114.36
114.92
115.22
115.53
116.13
116.65
116.92
117.34
117.64
118.15
118.46
118.76
118.97
119.25
119.50
119.69
119.94
120.50
120.83
121.14
121.34
121.64
122.04
122.61
122.97
123.45
123.73
123.98
124.19
124.39
124.68
124.98
125.56
125.98
126.26
126.64
126.99
127.56
127.91
128.16
128.35
128.63
128.91
129.13
129.39
129.95
130.28
130.55
130.74
130.97
131.27
131.73
132.32
132.64
133.21
133.77
134.37
134.97
135.50
136.12
136.74
137.28
137.85
138.45
139.04
139.63
140.24
140.82
141.39
141.97
142.56
143.19
143.78
144.37
144.93
145.51
146.10
146.68
147.30
147.90
148.47
149.05
149.64
150.22
150.84
151.42
151.72
152.03
152.64
153.21
153.81
154.38
154.98
155.55
156.15
156.70
157.30
157.88
158.48
159.03
159.65
160.18
160.82
161.44
162.04
162.57
163.19
163.79
164.36
164.94
165.58
166.15
166.71
167.26
167.86
168.48
169.05
169.66
171.67
172.03
173.73
174.37
174.78
174.95
175.18
175.38
175.67
176.02
176.18
176.40
176.69
176.97
177.15
177.50
177.68
178.00
178.32
178.47
178.64
178.79
179.05
179.56
179.71
179.87
180.02
180.35
180.51
180.69
180.88
181.09
181.43
181.65
181.84
182.08
182.27
182.57
182.73
182.93
183.12
183.36
183.52
183.97
184.15
184.44
184.59
184.97
185.14
185.30
185.49
185.81
186.08
186.26
186.54
186.67
186.93
187.11
187.45
187.66
187.85
188.17
188.48
188.64
188.78
189.07
189.22
189.42
189.58
189.82
189.99
190.26
190.42
190.57
190.82
191.00
191.14
191.33
191.51
191.67
191.95
192.10
192.30
192.53
192.68
192.84
193.09
193.36
195.51
196.71
197.27
197.54
197.83
198.69
199.33
199.66
199.97
200.86
201.38
201.98
202.56
203.15
203.79
204.35
204.92
205.54
206.11
206.72
207.27
207.84
208.45
209.06
209.64
210.21
210.79
211.41
212.01
212.15
212.60
213.18
213.75
214.33
214.92
215.50
216.12
216.70
217.27
217.85
218.44
219.02
219.63
220.24
220.81
221.44
221.98
222.59
223.17
223.78
224.34
224.95
225.55
226.13
226.72
227.35
227.88
228.16
228.47
229.09
229.65
230.25
230.79
233.26
234.92
235.55
236.03
236.16
236.41
236.52
