3.90
4.54
5.10
5.70
6.27
6.91
7.19
7.53
8.11
8.43
8.70
8.92
9.34
9.64
9.94
10.13
10.56
10.82
11.14
11.31
11.69
11.99
12.31
12.50
12.91
13.21
13.53
13.72
14.17
14.42
14.72
14.87
15.00
15.30
16.51
17.11
17.71
18.30
18.88
19.50
20.12
20.71
21.35
21.93
22.49
23.08
23.70
24.30
24.94
25.19
25.51
26.13
26.41
26.71
27.29
27.61
27.90
28.48
28.82
29.14
29.70
29.99
30.34
30.89
31.19
31.51
32.09
32.41
32.73
33.30
33.60
33.90
34.52
34.84
35.16
35.46
35.71
36.01
36.35
36.69
36.95
37.25
37.53
37.78
38.12
38.40
38.70
39.00
39.25
39.57
39.91
40.21
40.49
40.83
41.13
41.41
41.71
42.03
42.33
42.65
42.92
43.24
43.52
43.82
43.99
44.14
44.74
45.31
45.89
46.51
47.08
47.66
48.30
48.79
48.96
49.47
50.11
50.69
51.31
51.90
52.52
52.93
53.06
53.33
53.72
54.34
54.91
55.51
55.81
56.11
56.68
57.15
57.54
57.88
58.20
58.52
58.79
59.14
59.56
59.90
60.22
60.57
60.91
61.21
61.53
61.82
62.10
62.42
62.72
62.98
63.32
63.59
63.94
64.23
64.55
65.17
65.45
65.73
66.01
66.35
66.67
66.97
67.29
67.54
67.84
68.14
68.44
68.74
69.03
69.33
69.65
69.95
70.25
70.51
70.83
71.15
71.42
71.72
72.04
72.34
72.96
73.28
73.54
74.13
74.73
75.35
75.95
76.52
77.12
77.70
78.29
78.89
79.51
80.09
80.66
81.30
81.88
82.07
82.54
83.09
83.69
84.29
84.91
85.55
86.14
86.72
87.30
87.91
88.51
89.13
89.73
92.25
92.71
93.27
93.65
93.95
94.25
94.55
94.87
95.15
95.57
95.87
96.34
96.87
97.17
97.47
97.98
98.30
98.67
98.99
99.26
99.84
100.35
100.74
101.12
101.40
101.70
101.99
102.31
102.59
102.87
103.15
103.47
103.79
104.09
104.38
104.73
105.17
105.49
105.90
106.52
107.09
107.54
107.99
108.35
108.95
109.53
110.08
110.40
110.74
111.27
112.55
113.17
113.75
114.35
114.97
115.54
116.14
116.76
117.33
117.95
118.55
119.17
119.74
120.36
120.94
121.54
122.18
122.39
122.69
123.29
123.90
124.07
124.39
124.74
125.10
125.40
125.72
126.04
126.34
126.83
127.30
127.53
128.11
128.75
129.34
129.90
130.56
131.14
131.71
132.33
132.93
133.53
134.14
134.74
135.34
135.66
135.98
136.26
136.53
136.83
137.13
137.41
137.73
138.01
138.33
138.65
138.94
139.26
139.54
139.82
140.14
148.18
148.52
149.10
149.72
150.14
150.34
150.78
151.13
151.30
151.49
151.79
152.11
152.41
152.55
152.90
153.07
153.34
153.64
153.79
154.11
154.28
154.56
154.86
155.01
155.33
155.48
155.67
156.01
156.16
156.35
156.67
156.97
157.25
157.44
157.74
157.91
158.25
158.44
158.59
158.76
159.06
159.36
159.62
159.91
160.21
160.53
160.81
161.09
161.37
161.69
162.01
162.30
162.60
162.92
163.22
163.56
163.86
164.16
164.46
164.74
165.03
165.35
165.67
165.97
166.27
166.53
166.85
167.15
167.45
167.72
168.02
168.32
168.62
168.90
169.24
169.56
169.94
170.28
170.45
170.69
171.03
171.39
171.65
171.93
172.37
172.76
173.08
173.40
173.67
173.99
174.27
174.76
175.08
175.25
175.51
175.83
176.15
176.73
177.15
177.54
177.90
178.22
178.52
179.14
179.56
179.88
180.05
180.27
180.61
180.97
181.53
181.95
182.63
183.32
183.89
184.36
184.68
185.02
185.34
185.75
186.28
186.65
186.86
187.11
187.33
187.56
187.84
188.14
189.23
190.66
190.85
191.15
191.59
191.91
192.06
192.34
192.64
192.94
193.19
193.39
193.79
194.09
194.45
194.62
195.09
195.39
195.69
195.97
196.22
196.50
196.78
197.08
197.38
197.70
198.29
198.68
198.98
199.42
199.77
200.13
200.45
200.73
201.13
201.49
201.81
202.01
202.24
202.52
202.82
203.14
203.56
203.88
204.22
204.44
204.89
205.42
205.82
206.02
206.31
206.70
206.98