10.81
11.39
12.20
14.63
14.80
15.27
15.44
15.59
15.72
16.06
16.18
16.34
16.49
16.79
17.06
17.40
17.71
18.04
18.37
18.75
19.11
19.42
19.77
20.11
20.26
20.47
20.82
21.18
21.48
21.79
22.14
22.50
22.88
23.23
23.57
23.93
24.28
24.59
25.30
25.61
25.91
26.22
26.52
26.90
27.24
27.60
27.95
28.28
28.67
28.97
29.35
29.69
30.06
30.37
30.73
31.10
31.44
31.85
32.16
32.46
32.79
33.19
33.53
33.87
34.21
34.53
34.88
35.19
35.54
35.87
36.23
36.58
36.92
37.27
37.58
37.96
38.24
38.52
38.88
39.21
39.52
39.89
40.21
40.59
40.97
41.34
41.68
42.06
42.39
42.75
43.06
43.43
43.75
44.11
44.26
44.43
44.84
45.15
45.48
45.84
46.18
46.54
46.88
47.23
47.54
47.87
48.20
48.56
48.89
49.21
49.57
49.89
50.27
50.60
50.96
51.30
51.66
51.98
52.37
52.69
53.03
53.37
53.71
54.01
54.37
54.67
55.05
55.39
55.76
56.10
56.46
56.78
57.14
57.49
57.85
58.17
58.54
58.87
59.21
59.54
59.90
60.22
60.56
60.92
61.27
61.60
61.96
62.29
62.65
63.00
63.33
63.69
64.04
64.38
64.70
65.02
65.38
65.72
66.06
66.41
66.72
67.07
67.38
67.69
68.07
68.48
68.81
69.20
69.47
69.82
70.18
70.50
70.87
71.20
71.56
71.89
72.23
72.57
72.89
73.24
73.60
73.93
74.30
74.62
74.98
75.30
75.69
76.01
76.32
76.68
77.01
77.35
77.72
78.05
78.41
78.76
79.10
79.42
79.78
80.10
80.45
80.78
81.17
81.49
81.80
82.15
82.51
82.85
83.17
83.53
83.88
84.20
84.56
84.90
85.26
85.59
85.93
86.25
86.56
86.90
87.23
87.55
87.93
88.25
88.60
88.98
89.29
90.02
90.46
90.96
91.13
91.28
91.41
91.79
91.96
92.11
92.26
92.42
92.52
92.75
92.90
93.03
94.39
94.78
94.92
95.27
95.76
95.93
96.08
96.29
96.60
96.98
97.27
97.44
97.62
97.95
98.10
98.46
98.96
99.35
99.71
100.03
100.35
100.70
101.09
101.39
101.74
102.12
102.46
102.84
103.14
103.50
103.83
104.14
104.49
104.83
105.16
105.49
105.85
106.21
106.56
106.92
107.24
107.58
107.94
108.26
108.62
108.96
109.31
109.64
109.97
110.33
110.67
111.04
111.37
111.68
112.01
112.34
112.70
113.03
113.41
113.77
114.10
114.45
114.79
115.11
115.45
115.79
116.18
116.52
116.69
116.83
117.01
117.13
117.54
118.38
118.61
118.74
118.89
118.99
119.42
119.59
119.76
119.91
120.34
120.44
120.64
120.74
120.87
121.64
121.79
121.92
122.07
122.20
122.64
123.02
123.37
123.70
124.05
124.39
124.73
125.07
125.43
125.77
126.10
126.43
126.78
127.14
127.34
127.55
128.57
129.13
129.59
130.02
130.43
130.91
131.26
131.62
131.94
132.41
132.88
133.50
133.77
134.07
134.63
135.04
135.42
135.95
136.38
136.85
137.18
137.51
137.79
138.10
138.43
138.83
139.04
139.26
139.54
139.92
140.46
140.60
140.77
140.95
141.26
141.61
142.09
142.43
142.65
143.08
143.50
143.80
144.08
144.34
144.74
145.23
145.64
145.89
146.11
146.58
147.09
147.60
147.96
148.18
148.49
148.82
153.99
154.25
154.55
154.85
155.24
155.54
155.85
156.22
156.58
156.92
157.27
157.58
157.97
158.31
158.65
159.01
159.34
159.65
160.02
160.33
160.69
161.04
161.36
161.70
162.02
162.39
162.70
163.06
163.41
163.79
164.13
164.43
164.77
165.15
165.50
165.86
166.20
166.52
166.88
167.24
167.54
167.93
168.25
168.59
168.94
169.30
169.63
169.98
170.32
170.66
171.03
171.36
171.71
172.07
172.41
172.76
173.09
173.42
173.75
174.07
174.42
174.72
175.06
175.33
175.67
176.12
176.61
177.15
177.50
177.88
178.19
178.55
178.87
179.18
179.51
179.85
180.22
180.56
180.94
181.29
181.63
181.96
182.33
182.65
183.01
183.36
183.69
184.04
184.38
184.71
185.06
185.36
185.76
186.08
186.42
186.77
187.11
187.45
187.84
188.13
188.48
188.84
189.20
189.54
189.88
190.24
190.57
190.88
191.20
191.56
191.89
192.25
192.57
193.19
193.63
194.17
194.64
194.98
195.34
195.81
196.30
196.71
197.09
197.44
197.71
198.05
198.57
209.72
210.26
211.07
211.81
212.50
213.16
213.88
214.54
215.20
215.89
216.63
217.27
217.95
218.64
219.32
220.02
220.71
221.39
222.10
222.78
223.46
224.19
224.85
225.54
226.21
226.56
227.13
227.58
228.24
228.96
229.92
230.38
231.02
231.65
232.65
233.74
