1.92
2.75
3.55
4.69
4.88
5.64
6.68
7.37
8.42
8.67
9.17
9.66
10.70
11.41
12.41
12.67
13.15
13.66
14.71
15.42
16.40
16.67
17.17
17.66
18.68
19.67
20.69
21.69
22.71
23.67
24.74
25.70
26.68
27.69
28.73
29.69
30.70
31.67
32.72
33.70
34.73
35.64
36.66
37.65
38.70
39.67
40.72
41.74
42.70
43.69
44.71
45.69
46.73
47.65
49.73
50.17
50.70
51.19
51.66
52.09
52.41
52.73
53.35
53.65
54.14
54.46
54.93
55.18
55.66
56.04
56.38
56.81
57.12
57.62
58.06
58.41
58.85
59.20
59.66
60.09
60.43
60.84
61.11
61.39
61.60
62.08
62.44
62.88
63.12
63.66
64.02
64.38
64.78
65.06
65.45
65.65
66.17
66.70
67.18
67.69
68.20
68.63
69.16
69.67
70.23
70.74
71.25
71.71
72.19
72.70
73.17
73.65
74.16
74.66
75.17
75.69
76.20
76.71
77.19
77.72
78.74
79.20
79.71
80.72
81.19
81.65
82.13
82.66
83.15
83.66
84.15
84.68
85.16
85.72
86.18
86.69
87.17
87.69
88.21
88.70
89.21
89.70
90.19
90.72
91.22
91.71
92.22
92.68
93.16
93.65
94.23
94.69
95.18
95.70
96.19
96.68
97.19
97.23
97.38
97.67
98.20
98.68
99.20
99.68
100.07
100.68
101.20
101.39
101.69
102.12
102.63
103.05
103.32
103.93
104.68
105.16
105.67
106.07
106.45
106.92
107.24
107.71
108.01
108.67
109.16
109.69
110.07
110.46
110.86
111.25
112.12
112.65
113.21
113.68
115.39
115.75
116.16
116.65
117.16
117.39
117.71
118.22
118.50
118.74
119.16
119.44
119.72
120.21
120.67
121.10
121.46
121.89
122.32
122.73
123.01
123.34
123.70
124.09
124.44
124.82
125.16
125.64
126.05
126.42
126.84
127.21
127.65
128.06
128.44
128.82
129.23
129.68
130.07
130.45
130.76
131.11
131.40
131.70
132.67
133.18
133.69
134.18
134.69
135.14
135.72
136.19
136.74
137.21
137.71
138.22
138.70
139.19
139.70
140.20
140.69
141.18
141.71
142.20
142.73
143.22
143.72
144.21
144.70
145.19
145.68
146.17
146.70
147.19
147.73
148.21
148.71
149.18
149.71
150.20
150.67
151.16
151.67
152.21
152.69
153.15
153.68
154.17
154.73
155.19
155.69
156.18
156.69
157.18
157.65
158.20
158.70
159.16
159.70
160.21
160.69
161.23
161.70
162.19
162.68
163.21
163.72
164.20
165.20
165.65
166.42
166.72
167.16
167.42
167.69
168.17
168.53
168.89
169.22
169.70
170.04
170.68
171.19
171.41
171.69
172.13
172.48
172.86
173.24
173.78
174.47
174.75
175.01
175.26
175.69
176.04
176.43
176.84
177.23
177.68
178.02
178.70
179.19
179.47
179.75
180.05
180.45
180.88
181.27
182.16
182.60
183.18
183.69
184.08
184.45
184.70
185.14
185.38
185.66
185.98
186.26
186.51
186.87
187.18
187.45
187.69
187.97
188.22
188.48
188.73
189.05
189.35
189.63
189.83
190.14
190.37
190.67
190.97
191.20
191.46
191.72
192.10
192.46
192.84
193.09
193.42
193.70
194.11
194.49
194.79
195.05
195.33
195.62
196.00
196.37
196.71
197.04
197.37
197.69
198.03
198.39
198.67
198.90
199.69
200.72
201.72
202.62
203.69
204.75
205.73
206.74
207.68
208.70
209.68
210.72
211.75
212.75
213.73
214.67
215.69
216.91
