3.46
4.07
4.69
6.31
7.15
7.83
10.09
10.86
11.65
14.02
14.72
15.45
18.03
18.56
19.05
19.56
19.86
20.42
20.74
21.08
21.40
21.76
21.95
22.31
22.76
23.15
23.36
23.74
24.06
24.49
24.73
25.13
25.41
25.73
26.11
26.52
26.79
27.16
27.46
27.73
28.10
28.44
28.76
29.18
29.38
29.72
29.99
30.44
30.72
31.08
31.27
31.77
32.02
32.38
32.68
32.98
33.30
33.62
34.03
34.35
34.65
35.03
35.33
35.78
36.14
36.57
36.97
37.31
37.70
38.10
38.51
39.00
39.38
39.79
40.00
40.26
40.45
40.81
41.17
41.56
41.98
42.45
42.84
43.16
43.41
43.71
44.25
44.50
44.80
45.10
45.38
45.70
46.04
46.42
46.78
47.10
47.42
47.77
48.09
48.45
48.85
49.22
49.51
49.83
50.13
50.45
50.79
51.16
51.43
51.78
52.05
52.39
52.71
53.01
53.33
53.63
54.02
54.31
54.63
55.00
55.32
55.64
55.89
56.26
56.60
56.87
57.22
57.54
57.83
58.15
58.45
58.77
59.11
59.41
59.71
60.03
60.33
60.65
60.95
61.23
61.57
61.85
62.17
62.51
62.81
63.13
63.81
64.09
64.41
64.70
65.02
65.37
65.73
65.88
66.18
66.47
66.79
67.14
67.33
67.71
67.88
68.10
68.39
68.57
68.89
69.25
69.72
70.08
70.44
70.74
71.10
71.42
71.72
72.04
72.36
72.62
72.92
73.26
73.54
73.86
74.18
74.50
74.84
75.18
75.52
75.84
76.16
76.44
76.76
77.01
77.35
77.70
77.97
78.36
78.61
78.93
79.23
79.53
79.94
80.17
80.53
80.70
81.02
81.24
81.51
81.73
82.03
82.22
82.54
82.71
83.05
83.20
83.46
83.63
83.93
84.05
84.42
84.54
84.91
85.08
85.35
85.48
85.85
85.99
86.36
86.53
86.85
87.02
87.32
87.45
87.81
87.94
88.28
88.41
88.75
88.90
89.22
89.39
89.69
89.88
90.20
90.33
90.69
90.86
91.18
91.31
91.56
91.80
92.20
92.35
92.69
92.82
93.21
93.38
93.70
93.87
94.17
94.34
94.63
94.78
95.10
95.27
95.59
95.77
96.13
96.30
96.62
96.75
97.07
97.19
97.54
97.73
98.03
98.18
98.52
98.65
98.99
99.14
99.48
99.63
99.97
100.12
100.46
100.63
100.93
101.08
101.35
101.50
101.80
102.02
102.29
102.46
102.76
103.00
103.25
103.45
103.74
103.91
104.19
104.41
104.70
104.94
105.19
105.41
105.64
105.83
106.13
106.33
106.58
106.86
107.11
107.37
107.61
107.78
108.03
108.22
108.50
108.67
108.99
109.16
109.50
109.70
109.99
110.14
110.51
110.68
110.98
111.17
111.47
111.91
112.09
112.41
112.83
113.00
113.37
113.54
113.81
114.24
114.41
114.65
114.84
115.29
115.48
115.69
116.10
116.63
116.82
117.01
117.25
117.65
118.14
118.38
118.59
118.95
119.53
120.09
120.55
121.02
121.17
121.34
121.47
121.98
122.13
122.50
122.92
123.33
123.82
124.37
124.86
125.40
125.82
126.29
126.76
127.27
128.13
128.66
129.19
129.66
130.15
130.65
131.14
131.67
132.12
132.69
133.18
133.67
134.21
134.76
135.32
135.87
136.36
136.90
137.41
137.88
138.35
138.88
139.33
139.78
139.97
140.22
140.37
140.61
140.82
141.27
141.42
141.57
141.91
142.06
142.36
142.78
143.38
143.77
144.23
144.75
145.22
145.73
146.24
146.71
147.14
147.65
148.12
148.59
149.10
149.44
149.82
150.10
150.44
150.63
150.85
151.08
151.27
151.51
151.79
152.00
152.23
152.49
152.68
152.92
153.15
153.39
153.60
153.88
154.15
154.39
154.60
154.79
155.09
155.33
155.56
156.03
156.99
157.55
158.06
158.49
158.95
159.42
159.89
160.32
160.83
161.30
161.77
162.28
162.79
163.26
163.78
164.25
164.71
165.18
165.65
166.12
166.59
167.06
167.55
168.06
168.49
168.98
169.45
169.96
170.41
170.92
171.41
171.90
172.35
172.86
173.35
173.85
174.31
174.78
175.32
175.81
176.23
176.75
177.22
177.66
178.18
178.65
179.16
179.63
180.05
180.50
181.01
181.48
181.95
182.42
182.93
183.40
183.89
184.36
184.83
185.34
185.83
186.30
186.77
187.24
187.71
188.18
188.69
189.14
189.65
190.12
190.27
190.63
190.83
191.08
191.57
192.04
192.23
192.58
192.96
193.11
193.49
193.94
194.05
194.43
194.92
195.03
195.41
195.88
195.99
196.37
196.86
196.97
197.35
197.82
197.93
198.31
198.81
198.91
199.30
199.72
199.87
200.28
200.66
200.81
201.22
201.64
201.79
202.20
203.11
204.10
205.10
206.08
207.17
208.32
217.73
218.24
218.47
218.84
219.35
219.73
219.93
220.33
220.80
221.31
221.82
222.34
222.81
223.25
223.72
224.19
224.45
224.75
225.22
225.69
226.20
226.71
227.18
227.61
228.10
228.44
228.74
229.12
229.29
229.53
229.99
230.21
230.51
230.89
231.06
231.38
231.68
231.85
232.09
232.34
232.83
233.24
233.81
234.30
234.82
235.29
235.75
236.22
236.69
237.16
237.61
238.14
238.66
239.13
239.59
240.06
240.53
241.00
241.51
241.98
242.50
242.92
243.43
243.88
244.39
244.86
245.40
245.87
246.38
246.81
247.32
247.74
248.21
248.36
248.62
248.77
248.98
249.22
249.39
249.69
249.79
250.18
250.35
250.67
250.79
251.14
251.29
251.63
251.80
252.10
252.25
252.59
252.69
253.03
253.21
253.50
253.67
254.02
254.12
254.46
254.63
254.91
255.08
255.47
255.62
255.89
256.06
256.41
256.58
256.85
257.07
257.37
257.51
257.86
258.03
258.37
258.47
258.82
258.97
259.31
259.43
259.75
259.88
260.22
260.33
260.71
260.89
261.18
261.33
261.67
261.80
262.19
262.34
262.63
262.81
263.15
263.30
263.59
263.74
264.13
264.23
264.58
264.75
265.09
265.24
265.62
267.50
