2.81
3.60
4.59
5.50
6.40
7.31
8.29
9.28
10.12
11.04
12.00
12.92
13.89
14.80
15.72
16.21
16.67
17.10
17.61
18.00
18.49
19.01
19.45
19.95
20.33
20.90
21.28
21.78
22.20
22.71
23.21
23.65
24.10
24.59
25.04
25.46
25.91
26.37
26.85
27.30
27.82
28.31
28.75
29.25
29.69
30.19
30.63
31.08
31.50
32.02
32.44
32.89
33.38
33.87
34.32
34.81
35.26
35.77
36.15
36.66
37.12
37.54
38.06
38.55
39.03
39.42
39.93
40.36
40.84
41.32
41.81
42.27
42.70
43.21
43.64
44.09
44.54
45.02
45.52
46.03
46.47
46.93
47.33
47.80
48.30
48.74
49.17
49.68
50.11
50.60
51.05
51.56
52.00
52.43
52.64
52.90
53.35
53.80
54.29
54.74
55.25
55.67
56.20
56.70
57.14
57.60
58.02
58.47
58.98
59.41
59.86
60.35
60.86
61.29
61.80
62.11
62.52
63.01
63.46
63.89
64.59
65.02
65.47
65.96
66.42
66.92
67.36
67.87
68.30
68.73
68.94
69.22
69.67
70.11
70.37
70.62
71.05
71.51
72.02
72.48
72.99
73.44
73.90
74.34
74.79
75.23
75.79
76.17
76.63
77.07
77.57
78.08
78.50
78.95
79.44
79.89
80.34
80.78
81.29
81.72
82.21
83.20
83.68
84.14
84.58
85.03
85.54
85.98
86.51
86.99
87.33
87.82
88.27
88.72
89.21
89.72
90.19
90.62
91.09
91.56
92.02
92.45
92.93
93.41
93.82
94.35
94.82
95.31
95.71
96.21
96.68
97.14
97.59
98.02
98.49
98.98
99.45
99.86
100.35
100.82
101.24
101.77
102.25
102.66
103.14
103.58
104.01
104.52
105.02
105.44
105.92
106.41
106.89
107.32
107.83
108.24
108.75
109.24
109.71
110.18
110.61
111.10
111.50
112.01
112.49
112.95
113.42
113.82
114.30
114.76
115.24
115.71
116.18
116.65
117.10
117.56
118.03
118.50
119.04
119.50
119.98
123.86
124.32
124.58
125.43
126.10
126.40
126.91
127.37
127.55
128.01
128.23
128.46
128.87
129.36
129.89
130.12
130.60
131.04
131.70
131.98
132.46
132.69
133.10
133.38
133.51
133.82
134.29
134.76
135.04
135.47
135.67
136.14
136.38
136.80
137.08
137.25
137.43
137.64
138.04
138.47
145.96
146.40
146.85
147.32
147.77
148.24
148.69
149.18
149.66
149.84
150.14
150.63
151.08
151.49
152.00
152.38
152.89
153.38
153.89
154.37
154.77
155.24
155.75
156.15
156.62
157.09
157.61
158.06
158.48
158.93
159.42
159.85
160.33
160.81
161.30
161.76
162.19
162.66
163.13
163.60
164.07
164.54
165.01
165.24
165.43
165.94
166.12
166.37
166.82
166.97
167.31
167.80
168.30
168.72
168.82
169.23
169.70
170.17
170.60
171.06
171.49
171.71
171.97
172.41
172.61
172.92
173.43
173.88
174.35
174.54
174.82
175.29
175.76
176.20
176.40
176.68
177.12
177.60
178.06
178.26
178.52
179.00
179.15