2.91
3.85
4.77
5.71
6.65
7.59
8.44
9.40
10.34
11.22
12.13
13.03
13.97
14.93
15.78
16.74
18.60
20.47
22.29
24.15
25.10
25.98
26.91
27.82
28.79
30.60
30.82
31.08
31.87
34.30
34.98
35.64
37.05
37.50
37.96
38.93
39.57
40.74
41.63
42.34
43.26
44.43
44.88
45.37
46.07
47.06
48.15
48.63
49.06
49.50
49.98
50.45
50.90
51.34
51.84
52.28
52.73
53.22
53.67
54.16
54.60
55.08
55.57
56.02
56.51
56.96
57.40
57.89
58.34
58.79
59.23
59.71
60.17
60.63
61.05
61.52
61.96
62.44
62.90
63.36
63.84
64.78
65.65
66.59
67.49
68.43
69.39
70.33
70.50
70.75
71.20
72.14
73.08
73.96
74.90
75.81
76.75
77.67
78.61
79.53
80.47
81.39
82.36
83.28
84.15
85.07
85.97
86.95
88.68
90.56
92.43
93.37
93.86
94.31
94.74
95.18
95.68
96.14
96.62
97.06
97.51
97.98
98.49
98.92
99.79
100.29
100.73
101.24
101.65
102.16
102.61
103.07
103.53
104.04
104.49
104.93
105.41
105.89
106.32
106.81
107.25
107.68
107.88
108.17
108.58
109.09
109.59
109.99
110.48
110.92
111.37
111.85
112.34
112.85
113.26
113.66
114.13
114.61
115.09
115.53
116.01
116.45
116.90
117.37
117.84
118.33
118.78
119.25
119.99
120.65
121.08
121.79
122.49
122.94
125.69
127.57
128.44
129.36
130.35
131.24
132.13
133.10
133.50
133.97
134.93
135.40
135.87
136.80
137.25
137.66
138.62
139.04
139.54
139.94
140.46
140.90
141.07
141.41
142.37
144.10
145.83
147.82
149.54
151.49
153.32
155.28
156.20
158.04
158.67
159.34
159.78
160.29
160.74
161.19
161.68
162.34
163.28
163.94
164.41
164.90
165.37
165.84
166.29
166.75
167.21
167.67
168.12
168.61
169.02
169.51
169.98
170.49
170.93
171.41
171.85
172.28
172.76
173.24
173.67
174.16
174.63
175.10
175.54
176.00
176.51
176.91
177.38
177.88
178.29
178.77
179.21
179.69
180.15
180.60
181.07
181.55
181.99
182.46
182.93
183.36
183.80
184.27
184.83
185.24
185.70
186.13
186.60
187.07
187.51
