2.07
2.31
2.73
2.98
3.44
3.65
4.10
4.33
4.78
5.06
5.62
6.28
6.94
7.58
8.27
8.97
9.65
10.31
11.04
11.73
12.41
13.08
13.77
14.09
14.61
15.22
15.88
16.57
17.23
17.93
18.58
19.27
19.98
20.72
21.41
22.05
22.73
23.44
24.09
24.82
25.48
26.23
26.89
27.60
28.29
28.98
29.69
30.39
31.06
31.73
32.42
33.12
33.79
34.53
35.17
35.90
36.54
37.23
37.89
38.60
39.32
40.01
40.67
41.38
42.07
42.78
43.47
44.13
44.84
45.56
46.20
46.90
47.57
48.29
48.95
50.99
52.44
53.80
55.17
55.89
56.60
57.28
57.95
58.67
59.33
60.04
60.70
61.38
62.06
62.69
63.43
64.06
64.85
65.52
66.15
66.86
67.58
68.27
68.95
69.67
70.38
71.02
71.73
72.36
73.08
73.79
74.45
75.14
75.91
76.57
77.25
77.93
78.63
79.30
79.98
80.72
81.41
82.09
82.78
83.39
84.09
84.80
85.54
86.20
86.91
87.60
88.28
88.96
89.66
90.37
91.06
91.67
92.46
93.12
93.79
94.47
95.12
95.85
96.54
97.23
97.94
98.60
99.29
99.57
99.97
99.36
100.02
100.30
100.68
101.38
101.73
102.09
102.77
103.05
103.41
104.07
104.81
105.50
106.22
106.88
107.57
108.30
108.96
109.32
109.63
110.32
111.05
111.75
112.37
113.12
113.75
114.47
115.16
115.82
116.48
117.24
117.91
118.57
119.26
120.00
120.69
121.37
122.08
122.75
123.41
124.17
124.85
125.50
126.17
126.85
127.61
128.28
128.92
129.63
130.31
131.02
131.69
132.42
133.75
135.11
136.58
137.98
139.35
140.68
142.06
143.43
144.14
144.86
145.50
146.18
146.92
147.61
148.32
148.98
149.66
150.34
151.02
151.71
152.35
153.09
153.75
154.46
155.18
155.86
156.50
157.21
157.87
158.64
159.32
159.99
160.69
161.37
162.05
162.78
163.42
164.14
164.80
165.51
166.20
166.92
167.58
168.29
168.98
169.67
170.38
171.06
171.71
172.42
173.10
173.77
174.49
175.19
175.86
176.56
177.23
177.95
178.63
179.29
179.98
180.67
181.38
182.04
182.73
183.45
184.18
184.82
185.50
186.22