3.02
5.43
7.80
10.17
12.62
14.95
17.40
19.82
20.39
20.99
21.58
22.22
22.80
23.42
24.02
24.61
25.17
25.79
26.40
26.96
27.56
28.20
28.79
29.41
29.99
30.58
31.18
31.78
32.38
33.02
33.60
39.04
39.58
40.18
40.75
41.39
41.99
42.63
43.22
43.83
44.38
45.06
45.59
46.22
46.79
47.43
48.03
48.65
49.20
49.80
50.40
51.01
51.59
52.21
52.78
58.26
60.63
63.02
65.45
67.81
70.21
72.64
75.05
77.46
78.00
78.59
79.21
79.78
80.34
81.03
81.59
82.22
82.81
83.37
83.96
84.65
85.21
85.87
86.46
87.06
87.63
88.21
88.77
89.41
90.02
90.60
91.24
91.80
92.46
93.05
93.53
93.89
94.23
94.74
95.12
95.45
95.91
96.29
96.62
97.15
97.79
98.41
99.06
99.63
100.23
100.82
101.44
101.99
102.61
103.21
103.83
104.39
105.00
105.60
106.22
106.81
107.45
108.03
108.61
109.23
109.78
110.40
111.01
111.60
112.23
112.71
113.10
113.45
113.88
114.28
114.63
115.05
115.47
115.80
116.36
116.99
117.59
118.21
118.80
119.44
120.00
120.62
121.20
121.77
122.37
122.98
123.59
124.18
124.80
125.40
125.99
126.60
127.06
127.51
127.83
128.28
128.71
129.02
129.43
129.90
130.26
130.65
131.08
131.44
131.87
132.27
132.61
133.07
133.50
133.84
134.29
134.72
135.04