0.87
3.22
5.69
8.23
10.88
11.37
12.64
13.94
15.24
16.49
17.76
18.98
20.28
21.54
22.78
24.08
25.33
26.58
27.85
29.12
31.01
31.64
32.28
32.91
33.58
34.14
34.78
35.39
35.70
36.03
36.69
37.33
37.93
38.59
39.23
41.09
41.74
42.36
43.00
43.62
44.22
44.94
45.56
46.16
46.80
48.05
48.36
48.70
49.27
49.96
50.57
50.90
51.26
51.82
53.05
53.71
54.33
55.01
55.67
55.97
56.46
56.91
57.53
58.17
58.79
59.41
60.66
60.99
61.35
61.95
62.84
63.20
63.84
64.46
65.11
65.77
66.41
67.00
67.92
68.48
68.88
69.54
70.44
71.03
71.40
72.06
72.70
73.34
74.00
74.62
75.26
75.87
76.47
77.09
77.78
78.39
79.03
79.66
80.29
80.91
81.57
82.18
83.43
84.65
85.90
87.18
88.50
89.72
90.94
92.22
93.52
94.78
96.04
97.28
98.64
99.86
101.11
101.75
102.38
103.02
103.63
104.23
104.85
105.53
106.13
106.45
106.79
107.43
108.07
108.75
109.35
109.95
110.93
111.86
112.47
113.15
113.72
114.43
115.00
115.65
116.29
116.97
117.56
118.18
118.82
119.14
119.47
120.08
120.67
121.64
121.96
122.60
123.24
123.92
124.49
125.10
125.76
126.40
127.04
127.67
128.26
128.93
129.53
130.17
131.13
131.73
132.05
132.67
133.63
134.27
134.63
135.22
135.85
136.49
137.15
137.74
138.66
139.68
140.28
141.18
141.78
142.18
144.67
147.32
149.13
151.10
152.31
154.78
157.37
159.82
164.88
167.49
169.94
172.50
173.13
173.79
174.39
175.03
175.67
176.26
176.90
177.53
178.17
178.83
179.47
180.06
180.38
180.70
181.30
181.96
182.60
183.26
183.88
184.51
185.10
185.74
186.40
187.01
187.62
188.31
188.92
189.56
190.16
190.81
191.46
192.12
192.69
193.33
193.97
194.62
195.21
195.87
196.51
197.11
197.76
198.41
199.01
199.65
200.31
200.92
201.55
202.23
