3.85
7.04
8.54
9.33
10.15
10.98
11.83
12.64
13.46
14.22
15.03
15.82
16.61
17.38
18.24
19.01
19.82
20.64
21.00
21.22
21.79
22.18
22.58
23.01
24.25
24.61
25.40
25.81
26.24
27.11
27.77
28.15
28.56
29.30
29.79
30.22
31.01
31.37
31.76
32.15
32.57
35.72
37.33
39.01
45.42
45.86
46.22
47.03
47.42
47.80
48.18
48.59
49.45
50.19
51.03
51.39
51.82
52.38
52.63
53.42
54.22
54.59
55.01
55.80
56.59
57.45
57.78
58.21
58.83
59.05
59.84
60.20
60.58
61.01
61.39
62.21
63.00
63.80
64.20
64.66
65.42
66.21
67.02
67.41
67.86
68.63
69.44
70.21
71.05
73.40
74.98
76.58
78.16
79.81
81.36
83.84
84.60
85.37
86.18
86.99
87.82
88.61
89.40
90.21
91.05
91.86
92.62
93.46
94.25
95.04
95.83
96.62
97.42
98.06
98.94
99.37
99.76
100.62
101.44
102.23
102.61
103.44
104.19
104.55
105.00
105.38
106.20
106.56
106.99
107.78
108.17
108.54
108.96
109.37
112.52
114.13
115.86
118.94
122.22
122.60
123.02
123.43
123.81
124.18
124.60
124.97
125.41
126.25
127.80
128.21
128.62
129.40
130.23
130.60
131.01
131.40
131.81
132.62
134.20
134.61
135.04
135.55
135.78
136.59
137.02
137.38
137.79
138.22
139.02
139.81
140.64
141.00
141.46
142.25
143.01
143.82
144.21
144.61
145.46
146.24
147.03
147.83
150.18
151.75
153.38
154.98
156.61
158.14
158.55
158.93
159.08