2.45
4.84
7.09
9.36
11.52
13.92
16.21
18.47
20.77
23.06
24.67
25.89
27.04
28.18
29.35
30.45
31.59
32.74
33.87
35.05
36.15
37.33
38.50
39.65
40.23
40.79
41.34
41.89
42.45
43.03
43.62
44.18
44.76
45.33
45.86
46.46
47.03
47.59
48.17
48.76
49.32
49.89
50.47
51.05
51.62
52.18
52.76
53.32
53.93
54.46
55.03
55.61
56.17
56.70
57.30
57.85
58.51
59.07
59.59
60.17
60.78
61.32
61.90
62.44
63.03
63.59
64.20
64.78
65.36
65.93
66.51
67.07
67.62
68.20
68.73
69.31
69.90
70.48
71.03
71.63
72.20
72.74
73.36
73.90
74.49
75.05
75.62
76.17
81.36
81.90
82.50
83.07
83.67
84.23
84.80
85.36
85.96
86.53
87.13
87.68
88.26
88.84
89.37
89.94
90.48
91.03
91.63
92.18
92.74
93.30
93.91
94.51
95.06
95.62
96.15
96.75
97.35
97.91
98.50
99.08
99.63
100.21
100.80
101.33
101.94
102.47
103.04
103.60
104.18
104.71
105.30
105.92
106.50
107.08
107.61
108.21
108.76
109.32
109.91
110.49
111.04
111.62
112.18
112.77
113.37
113.88
114.44
115.08
115.65
116.23
116.78
117.40
117.91
120.15
121.32
122.45
125.82
127.14
128.19
129.34
130.53
131.62
132.75
133.92
135.07
136.23
154.47
155.06
155.62
156.20
156.77
157.37
157.92
158.48
159.06
159.65
160.21
160.76
161.33
161.89
162.47
163.03
163.64
164.20
164.75
165.30
165.88
166.48
167.03
167.61
168.21
168.79
169.34
169.89
170.47
171.05
171.64
172.18
172.77
173.35
173.91
174.47
175.03
175.65
176.20
176.79
177.38
177.96
178.52
179.05
179.64
180.22
180.77
181.35
181.93
182.47
183.08
183.64
184.17
184.74
185.30
185.88
186.47
187.05
187.59
188.17
188.77
189.32
189.90
190.47
195.69
196.20
196.75
197.32
197.90
198.48
199.05
199.66
200.25
200.78
201.34
201.91
202.49
203.08
203.64
204.15
204.78
205.35
205.90
206.48
207.08
207.63
208.19
208.76
209.36
209.91
210.44
211.05
211.62
212.15
212.75
213.32
213.93
214.44
215.03
215.63
216.17
216.76
217.32
217.92
218.49
219.09
219.66
220.22
220.80
221.34
221.92
222.52
223.05
223.63
224.21
224.80
225.36
225.92
226.51
227.07