1.56
3.45
5.48
7.55
8.29
8.82
9.32
10.34
11.45
12.41
13.37
14.40
15.39
16.42
17.40
18.38
19.39
20.41
21.46
22.44
23.44
25.00
25.51
25.95
26.48
26.99
27.45
27.93
28.47
29.00
29.49
30.02
30.51
31.01
31.52
32.01
32.54
33.03
33.51
34.02
34.53
35.04
35.53
36.00
36.55
37.07
37.56
38.09
38.60
39.09
39.58
40.10
40.59
40.84
41.05
43.19
45.20
47.18
49.18
51.19
53.20
55.26
56.71
57.25
57.72
58.49
58.77
59.21
59.57
60.58
60.92
61.27
61.63
62.54
62.93
63.29
63.63
64.71
65.04
65.32
65.68
66.55
66.93
67.26
67.59
68.53
68.92
69.32
69.71
70.59
70.98
71.33
71.67
72.40
72.89
73.08
73.38
74.39
75.36
76.35
77.39
78.46
79.39
80.42
81.42
81.85
82.08
83.36
83.74
85.52
85.88
87.48
87.89
89.50
89.87
91.49
91.81
93.54
93.95
95.53
95.89
97.04
97.27
97.58
98.03
98.78
99.24
99.57
100.03
100.87
101.25
101.59
102.02
102.93
103.29
103.62
104.00
105.12
105.40
105.66
106.07
107.03
107.37
107.65
108.12
108.91
109.30
109.66
110.11
111.11
111.43
111.70
112.07
112.76
113.17
113.67
114.75
115.74
116.74
117.73
118.72
119.71
120.76
121.75
122.73
123.76
124.78
125.78
126.79
127.84
128.84
129.32
129.56
129.82
130.29
131.03
131.44
131.74
132.14
133.14
133.53
133.87
134.19
135.18
135.56
135.87
136.20
137.26
137.58
137.93
138.26
139.13
139.56
139.87
140.23
141.14
141.57
141.91
142.26
143.21
143.62
143.92
144.28
145.18
145.45
145.69
145.96
146.52
147.46
148.43
149.48
150.50
151.46
152.56
153.50
154.56
155.56
156.54
157.55
158.55
159.59
160.60
161.60
161.85
162.11
162.60
163.33
163.74
164.05
164.42
165.40
165.76
166.13
166.46
167.44
167.79
168.09
168.43
169.45
169.83
170.18
170.47
171.46
171.82
172.12
172.45
173.52
173.87
174.21
174.57
175.45
175.84
176.19
176.55
177.28
177.49
177.77
177.98
178.26
178.71
179.46
179.89
180.16
180.55
181.50
181.88
182.21
182.59
183.55
183.96
184.25
184.60
185.60
185.92
186.26
186.61
187.56
187.97
188.27
188.65
189.65
189.97
190.31
190.64
191.63
192.02
192.30
192.68
193.43
193.83
194.08
194.35