9.10
9.64
10.17
10.77
11.26
11.82
12.33
12.84
13.35
13.91
14.40
14.95
15.51
16.08
16.64
17.15
17.62
18.16
18.69
19.21
19.75
20.28
20.84
21.37
21.88
22.42
22.95
23.46
24.02
24.53
25.09
25.60
26.13
26.69
27.20
27.74
28.27
28.78
29.29
29.80
30.39
30.87
31.42
32.00
32.53
33.75
33.92
34.69
35.10
35.64
36.17
36.69
37.21
37.76
38.31
38.87
39.38
39.92
40.45
41.04
41.58
42.09
42.59
43.13
43.64
44.16
44.70
45.24
45.75
46.31
46.85
47.38
47.87
48.40
48.96
49.49
50.03
50.58
51.07
51.58
52.14
60.15
60.62
61.13
61.66
62.26
62.73
63.26
63.82
64.35
64.86
65.40
65.91
66.47
66.95
67.55
68.10
68.59
69.13
69.66
70.22
70.75
71.24
71.77
72.33
72.86
73.35
73.91
74.42
74.98
75.51
76.07
76.60
77.13
77.60
78.18
78.69
79.28
79.77
80.31
80.82
81.35
81.89
82.44
82.95
83.46
84.02
84.56
85.09
85.60
94.06
94.59
95.16
95.67
96.22
96.76
97.29
97.83
98.36
98.87
99.43
99.97
100.51
101.04
101.55
102.07
102.62
103.13
103.67
104.20
104.73
105.21
105.76
106.29
106.79
107.30
107.87
108.43
108.96
109.49
110.03
111.10
111.58
112.12
112.63
113.16
113.70
114.23
114.76
115.28
115.81
116.37
116.88
117.41
117.95
118.48
118.99
119.54
120.06
120.63
121.14
121.70
122.18
122.74
123.25
123.81
124.34
124.88
125.39
125.95
126.46
127.01
127.50
128.07
128.60
129.16
129.61
130.18
130.68
131.25
131.74
132.30
132.79
133.36
133.92
134.46
134.97
135.52
136.01
136.59
138.68
140.89
143.00
145.11
147.18
149.29
151.44
153.58
155.77
156.57
157.77
158.57
159.97