5.05
5.25
6.29
7.34
7.52
8.27
9.43
9.72
10.83
11.73
11.96
12.99
13.94
14.22
15.03
16.18
16.49
17.33
18.47
18.76
19.57
20.86
21.05
21.88
23.31
23.90
24.51
25.08
25.61
26.17
26.73
27.32
27.85
28.39
29.00
29.58
30.12
30.70
31.27
31.85
32.40
32.95
33.51
34.11
34.64
35.24
35.77
36.43
36.92
37.48
38.06
38.59
39.16
39.85
40.38
40.91
41.46
45.95
46.53
47.15
47.68
48.26
48.85
49.41
49.98
55.21
55.64
56.19
56.75
57.31
57.88
58.46
59.03
59.63
60.16
60.70
61.27
61.82
62.38
62.94
63.51
64.09
64.66
65.24
65.82
66.36
66.90
67.48
68.06
68.60
69.21
69.76
70.31
70.87
71.42
72.02
72.62
73.18
73.75
74.28
74.81
75.42
76.01
76.52
77.16
77.74
78.27
78.83
79.40
79.98
80.52
81.07
81.66
82.22
82.78
83.35
83.91
84.50
85.05
85.64
86.19
86.76
87.34
87.90
88.49
89.03
89.58
90.13
90.73
91.31
91.83
92.42
92.95
93.51
94.06
94.66
95.25
95.81
100.33
100.87
101.51
102.02
102.60
103.15
103.72
104.33
104.90
109.39
109.95
110.50
111.10
111.63
112.22
112.80
113.94
115.03
116.23
117.35
118.47
119.64
120.74
121.86
122.98
124.13
125.29
126.35
127.51
128.10
128.69
129.25
113.95
115.05
116.17
117.32
118.42
119.62
120.71
121.82
123.00
124.15
125.25
126.36
127.50
128.15
129.44
129.73
131.68
131.97
132.67
133.10
133.70
134.32
134.85
135.41
136.00
136.58
137.15
137.71
138.26
138.80
139.39
139.97
140.53
141.05
141.65
142.19
142.78
143.36
143.94
144.49
145.07
145.58
146.17
146.70
147.35
147.88
148.48
149.04
149.61
150.12
150.72
151.29
151.87
152.45
153.02
153.53
154.09
154.62
155.23
155.74
156.35
156.91
157.55
158.04
158.64
159.18
159.79
160.32
160.91
161.49
162.05
162.57
163.18
163.71
164.30
164.84
165.44
166.01
166.61
167.15
167.76