13.50
13.93
14.34
14.83
15.49
16.18
16.68
17.04
17.55
18.24
18.90
19.56
20.28
20.99
21.68
22.37
23.08
23.77
24.44
25.09
25.81
26.52
27.18
27.84
28.50
28.91
29.29
29.88
30.57
31.25
31.97
32.68
33.27
33.98
34.68
35.41
36.05
36.79
37.45
38.14
38.82
39.49
40.19
40.87
41.58
42.26
42.90
43.62
44.30
45.01
45.70
46.36
46.59
46.89
49.78
50.45
51.13
51.79
52.45
53.20
53.85
54.57
55.21
55.97
56.61
57.32
58.00
58.72
59.43
60.07
60.73
61.46
62.14
62.78
63.51
64.15
64.81
65.54
66.21
66.90
67.60
68.30
68.99
69.67
70.38
71.04
71.76
72.45
73.11
73.79
74.49
75.17
75.86
76.54
77.22
77.93
78.56
79.25
79.99
80.65
81.34
82.00
82.69
83.38
84.09
84.71
85.46
86.16
86.82
87.48
88.19
88.87
89.56
90.21
90.92
91.60
91.94
92.31
92.62
92.97
95.70
96.39
97.02
97.72
98.43
99.14
99.86
100.59
101.23
101.89
102.56
103.22
103.93
104.62
105.30
105.98
106.63
107.37
108.07
108.73
109.44
110.10
110.78
111.48
112.16
112.83
113.53
114.22
114.86
115.54
116.29
117.01
117.67
118.40
119.06
119.72
120.44
121.10
121.79
122.47
123.22
123.83
124.52
125.23
125.91
126.61
127.27
128.00
128.66
129.34
130.00
130.71
131.39
132.11
132.75
133.48
134.16
134.88
135.57
136.21
136.89
137.53
137.87
138.27
138.60
138.96
139.31
139.64
139.97
140.28
140.67
141.01
141.35
141.71
142.01
142.37
142.73
143.06
143.38
143.78
144.10
144.46
144.79
145.10
145.28
145.61
146.02
148.50
148.86
149.25
149.58
149.91
150.27
150.60
150.98
151.31
151.65
152.02
152.33
152.68
153.04
153.36
153.73
154.04
154.41
154.73
155.09
155.39
155.75
156.10
156.41
156.73
157.12
157.50
157.83
158.19
158.50
158.82
159.16
159.51
159.85
160.18
160.53
160.89
161.24
161.60
161.96
162.28
162.64
162.96
163.28
163.62
163.94
164.30
164.65
164.99
165.35
165.71
166.01
166.39
166.75
167.08
167.40
167.76
168.07
168.45
168.79
169.12
169.45
169.78
170.13
170.47
170.83
171.18
171.54
171.90
172.22
172.54
172.91
173.27
173.57
173.91
174.24
174.61
174.95
175.31
175.64
175.97
176.33
176.66
176.99
177.39
177.70
178.06
178.39
178.75
179.05
179.41
179.75
180.12
180.45
180.80
181.14
181.45
181.80
182.16
182.51
182.85
183.16
183.55
183.87
184.19
184.53
184.89
185.21
185.60
185.93
186.28
186.64
186.98
187.33
187.64
187.99
188.33
188.69
189.01
189.34
189.67
189.99
190.31
190.69
191.04
191.69
192.42
193.14
193.81
194.51
195.18
195.84
196.20
196.55
197.18
197.90
198.54
199.27
199.97
200.66
201.28
201.98
202.71
203.37
204.01
204.75
205.44
206.14
206.44
206.80
207.19
207.63
