0.80
3.22
5.38
7.72
10.25
12.62
15.03
17.46
19.88
20.47
21.05
21.61
22.24
22.86
23.44
24.03
24.66
25.23
25.83
26.45
27.04
27.67
28.24
28.84
29.43
30.04
30.65
31.24
31.89
32.44
33.04
33.63
34.24
34.85
35.45
36.07
36.66
37.27
37.88
38.48
39.72
40.32
40.91
41.47
42.04
42.67
43.26
43.84
44.48
45.12
45.65
46.24
46.87
47.89
48.63
49.24
49.85
50.45
51.05
51.62
52.24
52.81
53.42
54.06
54.67
55.25
58.44
58.85
59.43
60.02
60.60
61.18
61.82
62.42
63.02
63.61
64.23
64.78
65.39
66.00
66.62
67.22
67.81
68.42
69.08
69.63
70.21
70.79
71.45
72.04
72.62
73.21
73.85
74.45
75.07
75.63
76.24
76.86
77.44
78.15
79.27
80.42
81.62
82.84
84.01
85.24
86.42
87.57
88.17
88.80
89.41
90.00
90.63
91.20
91.83
92.44
93.03
93.63
94.25
94.81
95.45
96.04
96.66
99.11
101.48
103.83
106.24
108.52
111.06
113.41
115.82
116.41
117.03
117.66
118.27
118.83
119.42
120.02
120.64
121.21
121.87
122.45
123.07
123.62
124.24
124.84
125.43
126.04
126.68
127.27
127.85
128.46
129.04
129.64
130.26
130.83
131.47
132.08
132.64
133.27
133.82
134.44
135.34
135.67
136.30
136.87
137.45
138.07
138.67
139.26
139.85
140.43
141.05
141.65
142.25
142.87
143.44
144.02
144.66
145.23
145.88
146.45
147.05
147.62
148.26
148.86
149.43
150.04
150.63
151.21
151.82
152.45
153.04
153.63
154.26
156.94
158.93
161.51
163.82
166.14
168.66