4.98
6.86
8.77
10.66
12.49
12.92
13.43
13.91
14.40
14.88
15.34
15.80
16.28
16.72
17.19
17.66
18.12
18.60
19.09
19.55
20.03
20.47
20.97
21.46
21.92
22.37
22.84
23.31
23.82
24.25
24.72
25.21
25.68
26.12
26.62
27.06
27.52
27.96
28.43
28.87
29.35
29.84
30.31
30.75
31.23
31.72
32.18
32.66
33.12
33.58
34.04
34.52
35.00
36.21
37.54
38.72
39.90
41.01
42.41
42.92
43.44
43.91
44.40
44.90
45.36
45.81
46.25
46.51
46.73
46.99
47.24
47.47
47.68
47.90
48.13
48.34
48.58
48.80
49.03
49.23
49.48
49.67
49.92
50.43
50.89
51.40
51.91
52.36
52.85
53.31
53.77
54.23
54.73
55.15
55.60
56.09
56.56
57.05
57.49
57.97
58.43
58.91
59.35
59.85
60.34
60.78
61.23
61.72
62.19
62.66
63.09
63.55
64.05
64.52
64.98
65.48
65.97
66.43
66.93
67.37
67.85
68.29
68.77
69.23
69.68
70.17
70.62
71.11
71.55
72.05
72.49
72.97
73.43
73.94
74.42
74.84
75.31
75.80
76.25
76.72
77.19
77.68
78.17
78.60
79.09
79.54
80.00
80.46
80.92
81.39
81.91
82.35
82.83
83.29
83.78
84.23
84.72
85.17
85.61
86.11
86.58
87.03
87.52
88.24
88.69
89.54
90.07
90.33
90.80
91.27
91.49
92.00
92.51
93.30
93.83
94.53
95.03
95.47
95.94
96.41
96.89
97.37
97.81
98.31
98.80
99.03
99.24
99.51
99.74
99.93
100.21
100.43
100.68
100.87
101.09
101.32
101.55
101.74
102.01
102.21
102.49
102.90
103.43
103.87
104.41
104.84
105.30
105.80
106.22
106.70
107.16
107.64
108.10
108.56
109.04
109.53
109.96
110.45
110.92
111.41
111.87
112.35
112.81
113.29
113.75
114.21
114.67
115.14
115.61
116.08
116.58
117.02
117.50
119.43
121.30
123.14
124.99
126.94
128.78
130.62
132.53
132.99
133.45
133.91
134.36
134.82
135.30
135.74
136.24
136.71
137.18
137.67
138.14
138.59
139.08
139.51
139.97
140.02
140.48
140.95
141.42
141.89
142.36
142.80
143.30
143.74
144.23
144.45
144.71
144.89
145.15
145.37
145.62
145.81
146.07
146.31
146.54
146.75
146.97
147.46
147.95
148.42
148.91
149.37
149.83
150.34
150.79
151.23
151.72
152.20
152.68
153.14
153.62
154.09
154.56
155.03
155.48
155.92
156.43
156.89
157.34
157.83
158.27
158.77
159.21
159.66
160.15
160.64
161.09
161.54
162.03
162.49
162.97
163.48
163.92
164.37
164.86
165.34
165.78
166.28
166.72
167.17
167.68
168.12
168.62
169.06
169.56
170.03
170.49
170.95
171.41
171.91
172.37
172.83
173.31
173.77
174.21
174.68
175.17
175.61
176.11
176.55
177.06
179.79
181.67
183.32
184.96
186.73
188.71
190.59