0.67
1.87
2.43
3.09
3.26
4.54
5.03
5.56
5.89
7.29
7.72
8.53
8.68
9.89
10.34
10.86
11.24
11.83
12.56
13.22
13.91
14.55
15.23
15.87
16.56
17.23
17.96
18.60
19.28
19.92
20.61
21.25
21.91
22.60
23.29
23.93
24.57
25.23
25.91
26.55
27.21
27.90
28.58
29.22
29.91
32.53
33.22
33.90
34.56
35.20
35.86
36.55
37.26
37.87
38.58
39.20
39.86
40.50
41.23
41.82
42.50
43.14
43.89
44.52
45.23
45.85
46.56
47.17
47.86
48.54
49.24
49.84
50.56
51.19
51.88
52.49
53.23
54.88
55.03
55.18
55.34
55.95
56.59
57.25
57.91
58.57
59.21
59.85
60.58
61.23
61.88
62.55
63.24
63.88
64.59
65.27
65.91
66.59
67.23
67.92
68.56
69.22
69.90
70.54
71.20
71.88
72.48
73.18
73.84
76.36
76.51
76.81
77.17
77.79
78.60
79.24
79.92
80.52
81.22
81.91
82.57
83.23
83.87
84.53
85.19
85.87
86.53
87.21
87.90
88.56
89.22
89.80
90.52
91.12
91.87
92.51
93.23
93.88
94.53
95.19
95.85
96.56
97.20
97.91
98.59
99.23
99.89
100.57
101.22
101.88
102.55
103.21
103.87
104.58
105.22
105.91
106.52
107.21
107.87
108.55
108.88
109.28
109.92
110.59
111.25
111.93
112.55
113.15
113.74
114.50
115.09
115.81
116.44
117.12
117.79
118.48
119.14
119.83
120.47
121.17
121.85
122.51
123.17
123.83
124.47
125.20
125.82
126.55
127.14
127.83
128.51
129.17
129.81
137.94
138.58
139.26
139.90
140.56
140.88
141.25
141.84
142.58
143.24
143.91
144.56
145.25
145.91
146.58
147.26
147.90
148.54
149.20
149.84
150.55
151.21
151.89
152.59
153.27
153.88
154.58
155.16
155.85
156.51
157.22
157.86
158.50
159.18
159.92
160.55
161.19
161.89
162.54
163.21
163.87
164.51
165.22
165.84
166.52
167.16
167.89
168.53
169.19
169.85
170.54
171.18
171.86
172.56
173.24
173.91
174.59
172.87
173.23
173.62
173.94
174.28
174.63
174.94
175.29
175.62
175.93
176.24
176.60
176.88
177.26
177.56
177.92
178.25
178.57
178.86
179.23
179.59
179.91
180.19
180.55
180.87
181.21
181.53
181.89
182.20
182.58
182.90