11.41
11.81
12.36
13.05
13.66
14.27
14.84
15.46
16.08
16.70
17.28
17.87
18.47
19.09
19.69
20.28
20.87
21.52
22.05
22.65
23.29
23.93
24.49
25.08
25.66
26.27
26.88
27.49
28.11
28.69
29.30
29.88
30.50
31.10
31.67
32.31
32.89
33.51
34.09
34.70
35.28
35.87
36.46
37.07
37.67
38.27
38.88
39.49
40.08
40.69
41.27
41.94
42.49
43.11
43.69
44.33
44.90
45.48
46.06
46.67
47.31
47.93
48.46
49.10
49.70
54.54
59.28
59.86
60.45
61.07
61.67
62.26
62.84
63.48
64.04
64.33
64.66
64.96
65.27
65.55
65.88
66.15
66.44
66.72
66.98
67.26
67.54
67.84
68.88
69.45
70.01
70.62
71.25
71.87
72.45
73.06
73.68
74.30
74.87
75.49
76.09
76.68
77.29
77.86
78.44
79.05
79.66
80.25
80.89
81.51
82.11
82.70
83.30
83.89
84.47
85.07
85.67
86.26
86.87
87.48
88.08
88.68
89.26
89.87
90.43
91.07
91.66
92.29
92.86
93.44
94.01
94.67
95.25
95.86
96.49
97.11
97.67
98.28
98.85
99.47
100.07
100.68
101.29
101.88
102.46
103.07
103.63
104.29
104.88
105.49
106.07
106.68
107.32
109.67
112.14
112.74
114.51
116.85
119.32
121.66
122.86
124.09
126.53
145.73
146.43
148.09
150.45
152.87
155.24
156.31
157.71
160.08
162.45
164.94
165.56
166.08
166.65
167.26
167.85
168.46
169.09
169.70
170.27
170.85
171.41
172.05
172.64
173.24
173.84
174.46
175.03
175.66
176.30
176.87
177.49
178.04
178.68
179.26
179.86
181.99
181.68
182.35
182.81
183.44
184.05
186.42
187.62
188.92
189.99
191.26
192.53
193.70
194.27
194.85
195.49
196.05
196.66
197.24
197.83
198.43
199.08
199.65
199.99
200.28
200.56
200.86
201.17
201.46
201.74
202.08
202.36
203.29
203.87
204.45
205.04
205.66
206.22
206.86
207.44
208.03
208.65
209.22
209.86
210.51
211.08
211.66
212.23
212.86
213.43
214.05
214.67
215.26
215.89
216.46
217.06
217.63
218.29
218.85
219.46
220.09
220.66
221.26
221.86
222.49
223.05
223.64
224.25
224.84
225.48
226.08
226.67
227.25
227.87
228.45
229.09
229.67
230.28
230.84
231.50
232.10
232.68
233.27
233.91
234.46
235.08
235.68
236.30
236.83
237.45
238.07
238.71
239.33
239.92
240.50
241.12
241.72
242.29
242.85
243.46
244.09
244.70
245.28
245.88
246.49
247.12
247.69
248.29
248.88
249.52
250.08
250.69
251.27
251.89
252.45
253.09
253.70
254.33
254.92
255.50
256.07
256.67
257.23
257.87
258.44
259.09
259.66
260.32
260.88
271.33