17.08
17.48
17.96
18.37
18.78
19.21
19.62
20.09
20.51
20.90
21.35
21.79
22.18
22.65
23.06
23.50
23.70
23.90
24.36
24.79
25.19
25.61
26.04
26.49
26.91
27.36
27.75
27.98
28.20
28.39
28.61
28.84
29.00
29.25
29.48
29.65
29.91
30.14
31.59
32.51
33.27
34.19
35.03
35.92
36.76
37.65
38.46
39.38
40.18
41.10
41.91
42.75
43.54
44.50
45.33
46.22
47.03
47.93
48.76
49.68
50.49
51.39
52.20
53.05
53.91
54.78
55.64
56.46
57.30
58.19
71.91
75.30
78.81
79.19
79.63
80.09
80.52
80.93
81.36
81.79
82.23
82.63
82.81
83.09
83.45
83.63
83.91
84.09
84.35
84.54
84.73
85.64
86.42
87.34
88.19
89.06
89.87
90.77
91.60
92.47
93.31
94.18
95.02
95.91
96.75
97.64
98.45
99.32
100.21
101.08
101.92
102.76
103.57
104.49
105.34
106.22
107.03
107.90
108.75
109.63
110.48
111.36
112.15
113.08
113.87
114.79
115.69
116.52
117.35
118.19
119.06
119.90
120.72
121.66
122.50
123.34
124.18
125.03
125.89
126.78
127.62
128.51
129.35
130.22
131.01
131.90
132.71
133.61
134.48
135.38
136.19
137.09
137.96
138.80
139.64
140.41
141.35
142.22
143.06
143.92
144.72
145.62
146.43
147.33
148.12
149.05
149.86
150.78
151.57
152.46
153.32
154.19
167.94
174.77
175.17
175.67
176.14
176.54
176.97
177.38
177.80
178.25
178.43
178.65
178.82
179.06
179.25
179.48
179.68
179.91
180.08
180.31
180.51
180.72
181.61
182.07
182.50
183.34
183.75
184.59
185.07
185.78
186.76
187.59
188.49
189.34
190.19
190.98
191.88
192.74
193.63
194.48
195.34
196.15
197.04
197.92
198.77
199.62
200.48
201.22
202.19
203.08
203.93
204.77
205.61
206.50
207.37
208.18
209.05