15.62
30.63
31.08
31.52
31.97
32.42
32.89
33.38
33.79
33.99
34.24
34.75
35.24
35.69
36.18
36.66
37.15
37.63
37.84
38.07
38.52
39.01
39.51
40.00
40.44
40.94
41.38
41.85
42.04
42.30
42.53
42.77
43.00
43.26
43.47
43.71
43.92
44.18
44.41
44.63
44.88
45.14
45.55
47.44
47.91
48.43
48.84
49.32
49.81
50.26
50.72
51.21
51.69
52.15
52.58
53.07
53.52
54.01
54.47
54.97
55.41
55.91
56.35
56.84
57.30
57.76
58.21
58.68
59.15
59.64
60.12
60.60
62.44
62.93
63.38
63.84
64.32
64.81
65.27
65.72
66.21
66.69
67.15
67.60
68.09
68.56
69.04
69.50
69.98
70.44
70.87
71.31
71.81
72.30
72.78
73.25
73.72
74.16
74.64
75.08
75.56
77.45
84.99
92.50
100.44
101.33
102.33
103.24
104.15
105.13
106.12
107.03
107.95
108.87
109.82
110.76
111.68
112.62
113.56
114.52
115.39
115.88
116.33
116.82
117.30
117.78
118.25
118.75
119.16
119.66
120.13
120.62
121.07
121.51
121.99
122.42
122.90
123.41
123.84
124.28
124.76
125.23
125.74
126.22
126.65
127.13
127.59
128.08
128.58
129.04
129.50
129.96
145.02
145.45
145.89
146.37
146.83
147.28
147.75
148.24
148.43
148.67
149.15
149.68
150.14
150.59
151.06
151.55
152.00
152.21
152.46
152.92
153.40
153.86
154.32
154.80
155.26
155.72
155.95
156.22
156.67
157.14
157.63
158.06
158.55
159.03
159.49
159.67
159.95
160.43
160.96
161.37
161.85
162.30
162.77
163.24
163.43
163.71
164.18
164.66
165.12
165.63
166.10
166.55
167.00
167.21
167.45
167.92
168.40
168.86
169.34
169.82
170.28
170.71
170.90
171.18
171.63
172.12
172.57
173.06
173.57
174.06
174.51
174.72
174.97
175.40
175.86
176.34
176.88
177.30
177.80
178.24
178.74
179.20
179.66
180.09
180.58
181.06
181.52
181.97
182.46
182.94
183.43
183.87
184.37
184.83
185.28
185.52
185.79
186.00
186.28
186.64
186.86
187.15
187.35
187.58
187.80
188.07
188.29
188.59
188.78
189.03
190.00
191.87
192.34
192.81
193.28
193.71
194.15
194.66
195.09
195.58
196.07
196.55
196.95
197.46
197.90
198.40
198.87
199.34
199.83
200.27
200.72
201.21
201.64
202.13
202.61
203.09
203.55
204.03
204.42
204.97
205.42
205.89
206.40
206.89
207.34
207.78
208.24
208.72
209.18
209.64
210.13
210.61
211.03
211.50
212.01
212.49
212.93
213.41
213.91
214.38
214.84
215.30
215.73
216.24
216.67
217.18
217.64
218.13
218.56
219.01
219.45
219.96
220.46
220.90
221.40
221.87
225.51
229.25