9.64
10.07
10.55
11.02
11.49
11.98
12.43
12.90
13.39
13.84
14.33
14.76
15.24
15.67
16.21
16.64
16.92
17.21
17.66
18.12
18.55
18.98
19.45
19.95
20.43
20.92
21.33
21.84
22.29
22.83
23.23
23.72
24.08
24.38
24.76
25.55
26.04
26.53
26.96
27.47
27.92
28.39
28.86
29.35
29.79
30.31
30.73
31.21
31.70
32.16
32.64
33.12
33.51
33.99
34.47
34.96
35.41
35.87
36.36
36.86
37.30
37.81
38.24
38.73
39.18
39.74
47.51
47.82
48.99
49.45
49.70
50.81
51.30
51.59
52.79
53.24
53.48
54.65
55.08
55.31
56.48
56.96
57.25
58.42
58.87
59.08
60.28
60.66
60.99
61.78
62.26
64.03
65.02
65.93
66.83
67.80
68.71
69.66
70.62
71.59
72.52
73.43
74.35
75.27
76.25
77.17
77.64
78.11
78.58
79.03
79.52
80.00
80.88
81.89
82.78
83.77
84.69
85.61
86.53
87.52
88.43
89.37
90.27
91.27
92.13
92.57
93.09
93.55
94.02
94.49
94.98
95.47
95.92
96.36
96.84
97.30
97.80
98.27
98.72
99.16
99.65
100.12
100.59
101.04
101.53
102.01
102.49
102.96
103.39
103.85
104.35
104.81
105.29
105.78
106.24
106.70
107.21
107.66
108.10
108.59
109.04
109.53
109.98
110.45
110.94
111.39
111.86
112.35
112.79
113.29
113.75
114.21
114.67
115.12
115.57
116.08
116.55
117.02
117.49
117.96
118.41
118.90
119.34
119.84
120.30
122.16
122.61
123.10
123.54
124.02
124.46
124.96
125.40
125.88
126.34
126.82
127.28
127.79
128.22
128.69
129.18
129.63
130.06
130.57
131.03
131.55
131.99
132.50
132.96
133.42
133.90
134.34
134.79
135.28
137.18
137.61
138.08
138.57
139.04
139.48
139.96
140.45
140.90
141.39
141.85
142.33
142.79
143.27
143.75
144.22
144.65
145.14
145.59
146.05
146.53
146.99
147.47
147.96
148.42
148.85
149.36
149.79
150.28
150.69
151.22
151.67
151.99
152.18
152.67
168.14
169.05
170.02
170.91
171.85
172.81
173.77
174.65
175.58
176.54
177.48
178.45
179.39
180.30
181.20
182.15
182.58
183.09
183.54
184.01
184.44
184.97
185.43
185.91
186.38
186.87
187.34
187.80
188.23
188.71
189.22
189.66
190.14
190.60
191.09
191.56
192.03
192.51
192.97
193.42
193.89
194.35
194.83
195.31
195.79
196.23
197.20
197.68
198.11
198.58
199.08
199.54
199.99
200.43
200.92
201.40
201.86
202.32
202.78
203.26
203.72
204.17
204.64
205.13
205.60
206.07
206.54
207.03
207.49
207.97
208.41
208.89
209.35
209.78
210.27
212.13
212.64
213.09
213.55
214.03
214.54
214.95
215.39
215.86
216.33
216.82
217.25
217.76
218.23
218.72
219.18
219.61
220.10
220.60
221.09
221.55
222.03
222.49
222.95
223.43
223.90
224.33
224.82
225.29
227.06
228.07
228.55
229.02
229.47
229.96
230.46
230.92
231.35
231.82
232.30
232.78
233.27
233.74
234.18
234.67
235.10
235.58
236.07
236.58
237.04
237.52
237.95
238.41
238.90
239.39
239.82
240.29
242.13
242.66
243.10
243.58
244.04
244.53
244.98
245.45
245.95
246.39
246.86
247.35
247.79
248.29
248.76
249.24
249.67
250.13
250.57
251.07
251.55
252.02
252.52
252.94
253.43
253.85
254.35
254.77
255.30
255.76
256.22
256.67
256.93
257.24
257.65
258.08
258.57
259.08
259.48
259.99
260.45
260.93
261.36
261.90
262.33
262.79
263.24
263.78
264.20
264.65
265.14
265.61
266.10
266.57
266.99
267.48
267.96
268.40
270.30
273.03
