0.82
1.23
1.44
2.32
2.91
3.47
3.77
4.34
4.62
5.10
5.22
5.74
6.05
6.61
6.88
7.47
8.03
8.34
8.61
9.17
9.76
10.37
10.68
10.96
11.52
12.09
12.67
12.99
13.25
13.82
14.35
14.93
15.24
15.52
15.78
16.10
16.67
16.95
17.23
17.51
17.81
18.37
18.91
19.49
19.80
20.09
20.64
20.92
21.25
21.79
22.05
22.35
22.91
23.19
23.50
24.08
24.38
24.67
25.25
25.45
25.83
26.38
26.94
27.47
28.07
28.36
28.64
28.94
29.22
29.50
29.79
30.35
30.65
30.93
31.23
31.50
32.08
32.61
33.19
33.47
33.79
34.32
34.64
34.93
35.51
36.07
36.62
36.94
37.22
37.41
37.78
38.06
38.37
38.60
38.93
39.18
39.52
39.74
40.10
40.31
40.68
40.95
41.23
41.48
41.83
41.98
42.34
42.57
42.92
43.18
43.51
43.75
44.07
44.35
44.64
44.90
45.20
45.48
45.80
46.03
46.35
46.59
46.95
47.18
47.48
47.80
48.10
48.36
48.66
48.91
49.21
49.45
49.76
50.02
50.36
50.64
50.96
51.18
51.54
51.72
52.07
52.33
52.60
52.88
53.20
55.46
56.04
56.33
56.59
57.19
57.76
58.04
58.36
58.68
58.92
59.47
60.07
60.33
60.63
60.92
61.24
61.80
62.06
62.36
62.90
63.16
63.48
64.10
64.68
64.91
65.24
65.49
65.81
66.08
66.34
66.94
67.51
67.79
68.07
68.58
69.20
69.44
69.75
70.03
70.33
70.90
71.51
71.81
72.07
72.33
72.68
73.24
73.80
78.54
78.98
79.52
80.10
80.69
81.25
81.80
82.36
82.92
83.56
83.81
84.10
84.64
85.22
85.83
86.41
86.98
87.54
88.05
88.38
88.69
89.25
89.52
89.83
90.34
90.62
90.93
91.18
91.49
91.74
92.04
92.62
92.91
93.22
93.47
93.80
94.33
94.90
95.48
96.05
96.58
97.27
97.78
98.36
98.92
99.46
99.76
100.09
100.62
101.22
101.73
102.05
102.34
102.84
103.43
104.01
104.63
105.21
105.80
106.41
106.97
107.53
108.09
108.68
109.35
109.84
110.40
110.91
111.50
112.08
112.64
113.21
113.79
114.36
114.92
115.45
115.68
116.05
116.31
116.60
116.85
117.20
117.43
117.79
118.02
118.38
118.58
118.93
119.16
119.48
119.65
120.08
120.23
120.49
120.70
120.85
121.02
121.13
121.25
121.38
121.49
121.59
121.74
121.89
124.10
124.68
125.26
125.82
126.37
126.66
126.99
127.27
127.55
128.09
128.60
129.21
129.51
129.80
130.38
130.96
131.22
131.53
132.09
132.67
133.21
133.49
133.79
134.05
134.37
134.94
135.20
135.50
136.06
136.35
136.63
137.23
137.80
138.38
138.61
138.94
139.51
139.78
140.11
140.64
140.92
141.24
141.82
142.37
142.61
142.94
143.52
144.11
144.67
145.18
145.46
145.79
146.33
146.94
147.50
147.75
148.09
148.64
149.20
149.79
150.35
150.96
151.50
152.10
152.62
152.97
153.23
153.76
154.38
154.63
154.91
155.49
155.78
156.08
156.62
156.92
157.20
157.51
157.79
158.14
158.37
158.93
159.50
160.06
160.64