4.01
4.62
5.18
5.82
6.37
6.99
7.57
8.19
8.70
9.33
9.97
10.50
11.13
11.62
12.34
12.95
13.51
14.05
14.70
15.35
15.91
16.46
17.08
17.68
18.25
18.90
19.54
20.11
20.67
21.35
21.91
22.48
23.03
23.65
24.25
24.82
25.33
25.99
26.64
27.19
27.75
28.36
28.97
29.41
29.93
30.73
31.37
32.00
32.55
33.15
33.76
34.30
34.91
35.56
36.11
36.71
37.27
37.91
38.50
38.95
39.42
40.08
40.91
41.47
42.04
42.62
43.24
43.84
44.38
45.01
45.65
46.24
46.82
47.44
48.02
48.61
49.15
49.78
50.41
50.96
51.51
52.13
52.71
53.35
53.93
54.52
55.08
55.72
56.30
56.87
57.47
58.06
58.67
59.26
59.90
60.48
61.11
61.70
62.29
62.90
63.44
64.04
64.63
65.25
65.78
66.41
67.05
67.48
67.96
68.81
69.47
70.03
70.61
71.23
71.81
72.38
72.99
73.62
74.19
74.79
75.33
75.94
76.53
77.01
77.42
78.29
78.90
79.53
80.10
80.72
81.29
81.90
82.43
83.05
83.66
84.27
84.83
85.46
86.01
86.48
86.97
87.81
88.42
89.00
89.57
90.23
90.84
91.38
91.99
92.65
93.18
93.77
94.38
94.97
95.56
95.99
96.47
97.34
97.90
98.02
98.51
99.13
99.71
100.29
100.90
101.46
102.07
102.66
103.29
103.86
104.47
105.02
105.62
106.21
106.81
107.40
107.98
108.58
109.18
109.80
110.41
110.97
111.61
112.21
112.78
113.41
113.98
114.60
115.17
115.79
116.37
116.97
117.56
118.12
118.71
119.35
119.88
120.51
121.13
121.70
122.30
122.94
123.47
124.06
124.64
125.24
125.86
126.43
127.06
127.61
128.21
128.82
129.40
130.00
130.58
131.17
131.77
132.34
132.95
133.56
134.16
134.73
135.35
135.95
136.54
137.15
137.79
138.37
138.91
139.54
140.13
140.75
141.33
141.91
142.52
143.09
143.57
144.01
144.85
145.46
146.07
146.63
147.28
147.82
148.43
148.99
149.61
150.22
150.78
151.36
152.00
152.57
153.00
153.45
154.32
154.98
155.56
156.11
156.71
157.33
157.93
158.50
159.11
159.70
160.28
160.91
161.51
162.04
162.52
162.96
163.83
164.48
165.07
165.65
166.29
166.85
167.38
167.97
168.53
169.17
169.81
170.39
170.96
171.56
172.05
172.50
173.35
173.99
174.59
175.21
175.74
176.36
176.94
177.48
178.11
178.72
179.30
179.94
180.50
181.09
181.71
182.29
182.90
183.46
184.08
184.68
185.24
185.83
186.44
187.07
187.64
188.22
188.84
189.43
190.03
190.61
191.20
191.82
192.40
193.04
193.60
194.17
194.79
195.41
195.96
196.53
197.14
197.73
198.33
198.93
199.54
200.12
